ASIN Buyability Flag,asin_status,CVR%,revenue,asp,units,gv,Images #,Videos #,Has A+ Content,Buybox Winner,Average Rating,Number of Ratings,bb_price,Ad CTR%,Ad CVR%,bsr,brand,Ad CPC$,ASIN (Description),Update Type,Sold By Amazon,Has Coupon?,Has Store Link?,In Stock Today?,category,Sellable On Hand Units,asin,date,Ad Cost,Ad Sales,Ad Clicks,Ad Impressions,Ad Conversions
Not Buyable,ACTIVE,1.0,4.0,4.0,1.0,1.0,9.0,0.0,True,,4.3,13163.0,,,,40.0,Arm & Hammer,,"B01CEDQ6IU (Arm & Hammer Clinical Care Dental Rinse for Adult Dogs, No Taste, No Odor, 16oz)",[],False,False,True,False,Dog Dental Care,31000.0,B01CEDQ6IU,2025-06-28,,,,,
Not Buyable,ACTIVE,,0.0,,0.0,0.0,9.0,0.0,True,,4.3,13160.0,,,,36.0,Arm & Hammer,,"B01CEDQ6IU (Arm & Hammer Clinical Care Dental Rinse for Adult Dogs, No Taste, No Odor, 16oz)",[],False,False,True,False,Dog Dental Care,30988.0,B01CEDQ6IU,2025-06-27,,,,,
Not Buyable,ACTIVE,,8.0,4.0,2.0,0.0,9.0,0.0,True,,4.3,13158.0,,,,36.0,Arm & Hammer,,"B01CEDQ6IU (Arm & Hammer Clinical Care Dental Rinse for Adult Dogs, No Taste, No Odor, 16oz)",[],False,False,True,False,Dog Dental Care,31034.0,B01CEDQ6IU,2025-06-26,,,,,
Not Buyable,ACTIVE,,0.0,,0.0,0.0,9.0,6.0,True,,4.3,13157.0,,,,36.0,Arm & Hammer,,"B01CEDQ6IU (Arm & Hammer Clinical Care Dental Rinse for Adult Dogs, No Taste, No Odor, 16oz)",[],False,False,True,False,Dog Dental Care,31062.0,B01CEDQ6IU,2025-06-25,,,,,
Not Buyable,ACTIVE,,0.0,,0.0,0.0,9.0,6.0,True,,4.3,13153.0,,,,36.0,Arm & Hammer,,"B01CEDQ6IU (Arm & Hammer Clinical Care Dental Rinse for Adult Dogs, No Taste, No Odor, 16oz)",[],False,False,True,False,Dog Dental Care,31060.0,B01CEDQ6IU,2025-06-24,,,,,
Not Buyable,ACTIVE,,0.0,,0.0,0.0,9.0,9.0,True,,4.3,13151.0,,,,35.0,Arm & Hammer,,"B01CEDQ6IU (Arm & Hammer Clinical Care Dental Rinse for Adult Dogs, No Taste, No Odor, 16oz)",[],False,False,True,False,Dog Dental Care,31051.0,B01CEDQ6IU,2025-06-23,,,,,
Not Buyable,ACTIVE,0.333,3.0,2.8,1.0,3.0,9.0,9.0,True,,4.3,13150.0,,,,36.0,Arm & Hammer,,"B01CEDQ6IU (Arm & Hammer Clinical Care Dental Rinse for Adult Dogs, No Taste, No Odor, 16oz)",[],False,False,True,False,Dog Dental Care,31100.0,B01CEDQ6IU,2025-06-22,,,,,
Not Buyable,ACTIVE,3.0,8.0,2.8,3.0,1.0,9.0,9.0,True,,4.3,13144.0,,,,36.0,Arm & Hammer,,"B01CEDQ6IU (Arm & Hammer Clinical Care Dental Rinse for Adult Dogs, No Taste, No Odor, 16oz)",[],False,False,True,False,Dog Dental Care,31103.0,B01CEDQ6IU,2025-06-21,,,,,
Not Buyable,ACTIVE,,3.0,2.8,1.0,0.0,9.0,9.0,True,,4.3,13141.0,,,,37.0,Arm & Hammer,,"B01CEDQ6IU (Arm & Hammer Clinical Care Dental Rinse for Adult Dogs, No Taste, No Odor, 16oz)",[],False,False,True,False,Dog Dental Care,31078.0,B01CEDQ6IU,2025-06-20,,,,,
Not Buyable,ACTIVE,1.0,11.0,2.79,4.0,4.0,9.0,9.0,True,,4.3,13138.0,,,,37.0,Arm & Hammer,,"B01CEDQ6IU (Arm & Hammer Clinical Care Dental Rinse for Adult Dogs, No Taste, No Odor, 16oz)",[],False,False,True,False,Dog Dental Care,31071.0,B01CEDQ6IU,2025-06-19,,,,,
Not Buyable,ACTIVE,4.0,11.0,2.78,4.0,1.0,9.0,9.0,True,,4.3,13136.0,,,,37.0,Arm & Hammer,,"B01CEDQ6IU (Arm & Hammer Clinical Care Dental Rinse for Adult Dogs, No Taste, No Odor, 16oz)",[],False,False,True,False,Dog Dental Care,31067.0,B01CEDQ6IU,2025-06-18,,,,,
Not Buyable,ACTIVE,3.333,28.0,2.78,10.0,3.0,9.0,9.0,True,,4.3,13134.0,,,,37.0,Arm & Hammer,,"B01CEDQ6IU (Arm & Hammer Clinical Care Dental Rinse for Adult Dogs, No Taste, No Odor, 16oz)",[],False,False,True,False,Dog Dental Care,31032.0,B01CEDQ6IU,2025-06-17,,,,,
Not Buyable,ACTIVE,1.0,4.0,4.0,1.0,1.0,9.0,9.0,True,,4.3,13132.0,,,,38.0,Arm & Hammer,,"B01CEDQ6IU (Arm & Hammer Clinical Care Dental Rinse for Adult Dogs, No Taste, No Odor, 16oz)",[],False,False,True,False,Dog Dental Care,31053.0,B01CEDQ6IU,2025-06-16,,,,,
Not Buyable,ACTIVE,2.0,16.0,3.98,4.0,2.0,9.0,9.0,True,,4.3,13128.0,,,,39.0,Arm & Hammer,,"B01CEDQ6IU (Arm & Hammer Clinical Care Dental Rinse for Adult Dogs, No Taste, No Odor, 16oz)",[],False,False,True,False,Dog Dental Care,31054.0,B01CEDQ6IU,2025-06-15,,,,,
Not Buyable,ACTIVE,,0.0,,0.0,0.0,9.0,9.0,True,,4.3,13127.0,,,,39.0,Arm & Hammer,,"B01CEDQ6IU (Arm & Hammer Clinical Care Dental Rinse for Adult Dogs, No Taste, No Odor, 16oz)",[],False,False,True,False,Dog Dental Care,31050.0,B01CEDQ6IU,2025-06-14,,,,,
Not Buyable,ACTIVE,,8.0,3.98,2.0,0.0,9.0,10.0,True,,4.3,13126.0,,,,39.0,Arm & Hammer,,"B01CEDQ6IU (Arm & Hammer Clinical Care Dental Rinse for Adult Dogs, No Taste, No Odor, 16oz)",[],False,False,True,False,Dog Dental Care,31044.0,B01CEDQ6IU,2025-06-13,,,,,
Not Buyable,ACTIVE,0.5,4.0,4.0,1.0,2.0,9.0,10.0,True,,4.3,13120.0,,,,40.0,Arm & Hammer,,"B01CEDQ6IU (Arm & Hammer Clinical Care Dental Rinse for Adult Dogs, No Taste, No Odor, 16oz)",[],False,False,True,False,Dog Dental Care,31029.0,B01CEDQ6IU,2025-06-12,,,,,
Not Buyable,ACTIVE,1.0,8.0,4.0,2.0,2.0,9.0,10.0,True,,4.3,13117.0,,,,38.0,Arm & Hammer,,"B01CEDQ6IU (Arm & Hammer Clinical Care Dental Rinse for Adult Dogs, No Taste, No Odor, 16oz)",[],False,False,True,False,Dog Dental Care,31037.0,B01CEDQ6IU,2025-06-11,,,,,
Not Buyable,ACTIVE,0.0,0.0,,0.0,2.0,9.0,10.0,True,,4.3,13115.0,,,,38.0,Arm & Hammer,,"B01CEDQ6IU (Arm & Hammer Clinical Care Dental Rinse for Adult Dogs, No Taste, No Odor, 16oz)",[],False,False,True,False,Dog Dental Care,31050.0,B01CEDQ6IU,2025-06-10,,,,,
Not Buyable,ACTIVE,0.5,8.0,3.98,2.0,4.0,9.0,10.0,True,,4.3,13114.0,,,,37.0,Arm & Hammer,,"B01CEDQ6IU (Arm & Hammer Clinical Care Dental Rinse for Adult Dogs, No Taste, No Odor, 16oz)",[],False,False,True,False,Dog Dental Care,31045.0,B01CEDQ6IU,2025-06-09,,,,,
Not Buyable,ACTIVE,2.0,8.0,4.0,2.0,1.0,9.0,10.0,True,,4.3,13112.0,,,,37.0,Arm & Hammer,,"B01CEDQ6IU (Arm & Hammer Clinical Care Dental Rinse for Adult Dogs, No Taste, No Odor, 16oz)",[],False,False,True,False,Dog Dental Care,31048.0,B01CEDQ6IU,2025-06-08,,,,,
Not Buyable,ACTIVE,0.0,0.0,,0.0,4.0,9.0,10.0,True,,4.3,13110.0,,,,37.0,Arm & Hammer,,"B01CEDQ6IU (Arm & Hammer Clinical Care Dental Rinse for Adult Dogs, No Taste, No Odor, 16oz)",[],False,False,True,False,Dog Dental Care,31050.0,B01CEDQ6IU,2025-06-07,,,,,
Not Buyable,ACTIVE,,8.0,3.98,2.0,0.0,9.0,10.0,True,,4.3,13106.0,,,,41.0,Arm & Hammer,,"B01CEDQ6IU (Arm & Hammer Clinical Care Dental Rinse for Adult Dogs, No Taste, No Odor, 16oz)",[],False,False,True,False,Dog Dental Care,31049.0,B01CEDQ6IU,2025-06-06,,,,,
Not Buyable,ACTIVE,,0.0,,0.0,0.0,9.0,10.0,True,,4.3,13104.0,,,,47.0,Arm & Hammer,,"B01CEDQ6IU (Arm & Hammer Clinical Care Dental Rinse for Adult Dogs, No Taste, No Odor, 16oz)",[],False,False,True,False,Dog Dental Care,31017.0,B01CEDQ6IU,2025-06-05,,,,,
Not Buyable,ACTIVE,10.0,198.0,3.95,50.0,5.0,9.0,10.0,True,,4.3,13099.0,,,,48.0,Arm & Hammer,,"B01CEDQ6IU (Arm & Hammer Clinical Care Dental Rinse for Adult Dogs, No Taste, No Odor, 16oz)",[],False,False,True,False,Dog Dental Care,31100.0,B01CEDQ6IU,2025-06-04,,,,,
Not Buyable,ACTIVE,,4.0,4.0,1.0,0.0,9.0,10.0,True,,4.3,13097.0,,,,48.0,Arm & Hammer,,"B01CEDQ6IU (Arm & Hammer Clinical Care Dental Rinse for Adult Dogs, No Taste, No Odor, 16oz)",[],False,False,True,False,Dog Dental Care,31076.0,B01CEDQ6IU,2025-06-03,,,,,
Not Buyable,ACTIVE,0.143,4.0,4.0,1.0,7.0,9.0,10.0,True,,4.3,13097.0,,,,48.0,Arm & Hammer,,"B01CEDQ6IU (Arm & Hammer Clinical Care Dental Rinse for Adult Dogs, No Taste, No Odor, 16oz)",[],False,False,True,False,Dog Dental Care,31090.0,B01CEDQ6IU,2025-06-02,,,,,
Not Buyable,ACTIVE,,1.0,,0.0,0.0,9.0,10.0,True,,4.3,13093.0,,,,48.0,Arm & Hammer,,"B01CEDQ6IU (Arm & Hammer Clinical Care Dental Rinse for Adult Dogs, No Taste, No Odor, 16oz)",[],False,False,True,False,Dog Dental Care,31095.0,B01CEDQ6IU,2025-06-01,,,,,
Not Buyable,ACTIVE,1.0,16.0,3.99,4.0,4.0,9.0,10.0,True,,4.3,13085.0,,,,49.0,Arm & Hammer,,"B01CEDQ6IU (Arm & Hammer Clinical Care Dental Rinse for Adult Dogs, No Taste, No Odor, 16oz)",[],False,False,True,False,Dog Dental Care,31095.0,B01CEDQ6IU,2025-05-31,,,,,
Not Buyable,ACTIVE,1.5,24.0,3.98,6.0,4.0,9.0,10.0,True,,4.3,13081.0,,,,49.0,Arm & Hammer,,"B01CEDQ6IU (Arm & Hammer Clinical Care Dental Rinse for Adult Dogs, No Taste, No Odor, 16oz)",[],False,False,True,False,Dog Dental Care,31102.0,B01CEDQ6IU,2025-05-30,,,,,
Not Buyable,ACTIVE,1.0,4.0,4.0,1.0,1.0,9.0,10.0,True,,4.3,13079.0,,,,49.0,Arm & Hammer,,"B01CEDQ6IU (Arm & Hammer Clinical Care Dental Rinse for Adult Dogs, No Taste, No Odor, 16oz)",[],False,False,True,False,Dog Dental Care,31106.0,B01CEDQ6IU,2025-05-29,,,,,
Not Buyable,ACTIVE,,0.0,,0.0,0.0,9.0,10.0,True,,4.3,13079.0,,,,49.0,Arm & Hammer,,"B01CEDQ6IU (Arm & Hammer Clinical Care Dental Rinse for Adult Dogs, No Taste, No Odor, 16oz)",[],False,False,True,False,Dog Dental Care,31059.0,B01CEDQ6IU,2025-05-28,,,,,
Not Buyable,ACTIVE,,0.0,,0.0,0.0,9.0,10.0,True,,4.3,13074.0,,,,49.0,Arm & Hammer,,"B01CEDQ6IU (Arm & Hammer Clinical Care Dental Rinse for Adult Dogs, No Taste, No Odor, 16oz)",[],False,False,True,False,Dog Dental Care,31088.0,B01CEDQ6IU,2025-05-27,,,,,
Not Buyable,ACTIVE,0.4,8.0,4.0,2.0,5.0,9.0,10.0,True,,4.3,13072.0,,,,48.0,Arm & Hammer,,"B01CEDQ6IU (Arm & Hammer Clinical Care Dental Rinse for Adult Dogs, No Taste, No Odor, 16oz)",[],False,False,True,False,Dog Dental Care,31063.0,B01CEDQ6IU,2025-05-26,,,,,
Not Buyable,ACTIVE,,0.0,,0.0,0.0,9.0,10.0,True,,4.3,13067.0,,,,49.0,Arm & Hammer,,"B01CEDQ6IU (Arm & Hammer Clinical Care Dental Rinse for Adult Dogs, No Taste, No Odor, 16oz)",[],False,False,True,False,Dog Dental Care,31090.0,B01CEDQ6IU,2025-05-25,,,,,
Not Buyable,ACTIVE,,24.0,3.98,6.0,0.0,9.0,10.0,True,,4.3,13064.0,,,,46.0,Arm & Hammer,,"B01CEDQ6IU (Arm & Hammer Clinical Care Dental Rinse for Adult Dogs, No Taste, No Odor, 16oz)",[],False,False,True,False,Dog Dental Care,31076.0,B01CEDQ6IU,2025-05-24,,,,,
Not Buyable,ACTIVE,0.0,0.0,,0.0,5.0,9.0,10.0,True,,4.3,13065.0,,,,50.0,Arm & Hammer,,"B01CEDQ6IU (Arm & Hammer Clinical Care Dental Rinse for Adult Dogs, No Taste, No Odor, 16oz)",[],False,False,True,False,Dog Dental Care,31125.0,B01CEDQ6IU,2025-05-23,,,,,
Not Buyable,ACTIVE,,19.0,2.78,7.0,0.0,9.0,10.0,True,,4.3,13059.0,,,,50.0,Arm & Hammer,,"B01CEDQ6IU (Arm & Hammer Clinical Care Dental Rinse for Adult Dogs, No Taste, No Odor, 16oz)",[],False,False,True,False,Dog Dental Care,31128.0,B01CEDQ6IU,2025-05-22,,,,,
Not Buyable,ACTIVE,0.0,0.0,,0.0,2.0,9.0,10.0,True,,4.3,13053.0,,,,48.0,Arm & Hammer,,"B01CEDQ6IU (Arm & Hammer Clinical Care Dental Rinse for Adult Dogs, No Taste, No Odor, 16oz)",[],False,False,True,False,Dog Dental Care,31141.0,B01CEDQ6IU,2025-05-21,,,,,
Not Buyable,ACTIVE,,1.0,,0.0,0.0,9.0,10.0,True,,4.3,13052.0,,,,47.0,Arm & Hammer,,"B01CEDQ6IU (Arm & Hammer Clinical Care Dental Rinse for Adult Dogs, No Taste, No Odor, 16oz)",[],False,False,True,False,Dog Dental Care,31135.0,B01CEDQ6IU,2025-05-20,,,,,
Not Buyable,ACTIVE,,0.0,,0.0,0.0,9.0,10.0,True,,4.3,13048.0,,,,49.0,Arm & Hammer,,"B01CEDQ6IU (Arm & Hammer Clinical Care Dental Rinse for Adult Dogs, No Taste, No Odor, 16oz)",[],False,False,True,False,Dog Dental Care,31147.0,B01CEDQ6IU,2025-05-19,,,,,
Not Buyable,ACTIVE,,0.0,,0.0,0.0,9.0,10.0,True,,4.3,13047.0,,,,50.0,Arm & Hammer,,"B01CEDQ6IU (Arm & Hammer Clinical Care Dental Rinse for Adult Dogs, No Taste, No Odor, 16oz)",[],False,False,True,False,Dog Dental Care,31159.0,B01CEDQ6IU,2025-05-18,,,,,
Not Buyable,ACTIVE,,6.0,2.98,2.0,0.0,9.0,10.0,True,,4.3,13043.0,,,,51.0,Arm & Hammer,,"B01CEDQ6IU (Arm & Hammer Clinical Care Dental Rinse for Adult Dogs, No Taste, No Odor, 16oz)",[],False,False,True,False,Dog Dental Care,31169.0,B01CEDQ6IU,2025-05-17,,,,,
Not Buyable,ACTIVE,2.0,18.0,2.98,6.0,3.0,9.0,10.0,True,,4.3,13041.0,,,,56.0,Arm & Hammer,,"B01CEDQ6IU (Arm & Hammer Clinical Care Dental Rinse for Adult Dogs, No Taste, No Odor, 16oz)",[],False,False,True,False,Dog Dental Care,31152.0,B01CEDQ6IU,2025-05-16,,,,,
Not Buyable,ACTIVE,0.143,3.0,3.0,1.0,7.0,9.0,10.0,True,,4.3,13035.0,,,,54.0,Arm & Hammer,,"B01CEDQ6IU (Arm & Hammer Clinical Care Dental Rinse for Adult Dogs, No Taste, No Odor, 16oz)",[],False,False,True,False,Dog Dental Care,31149.0,B01CEDQ6IU,2025-05-15,,,,,
Not Buyable,ACTIVE,0.5,12.0,2.99,4.0,8.0,9.0,10.0,True,,4.3,13032.0,,,,94.0,Arm & Hammer,,"B01CEDQ6IU (Arm & Hammer Clinical Care Dental Rinse for Adult Dogs, No Taste, No Odor, 16oz)",[],False,False,True,False,Dog Dental Care,31183.0,B01CEDQ6IU,2025-05-14,,,,,
Not Buyable,ACTIVE,,0.0,,0.0,0.0,9.0,10.0,True,,4.3,13032.0,,,,87.0,Arm & Hammer,,"B01CEDQ6IU (Arm & Hammer Clinical Care Dental Rinse for Adult Dogs, No Taste, No Odor, 16oz)",[],False,False,True,False,Dog Dental Care,31152.0,B01CEDQ6IU,2025-05-13,,,,,
Not Buyable,ACTIVE,,12.0,2.99,4.0,0.0,9.0,10.0,True,,4.3,13030.0,,,,85.0,Arm & Hammer,,"B01CEDQ6IU (Arm & Hammer Clinical Care Dental Rinse for Adult Dogs, No Taste, No Odor, 16oz)",[],False,False,True,False,Dog Dental Care,31153.0,B01CEDQ6IU,2025-05-12,,,,,
Not Buyable,ACTIVE,0.0,0.0,,0.0,2.0,9.0,10.0,True,,4.3,13028.0,,,,77.0,Arm & Hammer,,"B01CEDQ6IU (Arm & Hammer Clinical Care Dental Rinse for Adult Dogs, No Taste, No Odor, 16oz)",[],False,False,True,False,Dog Dental Care,31177.0,B01CEDQ6IU,2025-05-11,,,,,
Not Buyable,ACTIVE,0.0,0.0,,0.0,2.0,9.0,10.0,True,,4.3,13027.0,,,,74.0,Arm & Hammer,,"B01CEDQ6IU (Arm & Hammer Clinical Care Dental Rinse for Adult Dogs, No Taste, No Odor, 16oz)",[],False,False,True,False,Dog Dental Care,31176.0,B01CEDQ6IU,2025-05-10,,,,,
Not Buyable,ACTIVE,0.333,3.0,3.0,1.0,3.0,9.0,10.0,True,,4.3,13021.0,,,,70.0,Arm & Hammer,,"B01CEDQ6IU (Arm & Hammer Clinical Care Dental Rinse for Adult Dogs, No Taste, No Odor, 16oz)",[],False,False,True,False,Dog Dental Care,31198.0,B01CEDQ6IU,2025-05-09,,,,,
Not Buyable,ACTIVE,,3.0,3.0,1.0,0.0,9.0,10.0,True,,4.3,13016.0,,,,69.0,Arm & Hammer,,"B01CEDQ6IU (Arm & Hammer Clinical Care Dental Rinse for Adult Dogs, No Taste, No Odor, 16oz)",[],False,False,True,False,Dog Dental Care,31195.0,B01CEDQ6IU,2025-05-08,,,,,
In Stock,ACTIVE,,,,,,2.0,0.0,True,,4.1,4857.0,10.99,0.0,,,Fresh Step,,"B01DUZYZBG (Fresh Step Litter Box Attractant Powder to Aid in Training, 9 Ounces)",[],True,True,True,False,Litter Accessories,,B01DUZYZBG,2026-05-15,0.0,0.0,0.0,49.0,0.0
In Stock,ACTIVE,,390.0,11.15,35.0,,2.0,0.0,True,,4.1,4855.0,10.99,0.003322259136212625,1.0,,Fresh Step,3.89,"B01DUZYZBG (Fresh Step Litter Box Attractant Powder to Aid in Training, 9 Ounces)",[],True,True,True,False,Litter Accessories,,B01DUZYZBG,2026-05-14,3.89,9.97,1.0,301.0,1.0
In Stock,ACTIVE,,264.0,10.99,24.0,,2.0,0.0,True,,4.1,4853.0,10.99,0.01212121212121212,0.0,,Fresh Step,2.53,"B01DUZYZBG (Fresh Step Litter Box Attractant Powder to Aid in Training, 9 Ounces)",[],True,True,True,False,Litter Accessories,,B01DUZYZBG,2026-05-13,5.06,0.0,2.0,165.0,0.0
In Stock,ACTIVE,,377.0,11.42,33.0,,2.0,0.0,True,,4.1,4851.0,10.99,0.0,,,Fresh Step,,"B01DUZYZBG (Fresh Step Litter Box Attractant Powder to Aid in Training, 9 Ounces)",[],True,True,True,False,Litter Accessories,,B01DUZYZBG,2026-05-12,0.0,0.0,0.0,157.0,0.0
In Stock,ACTIVE,0.302,286.0,10.99,26.0,86.0,2.0,0.0,True,,4.1,4850.0,10.99,0.006514657980456026,0.0,,Fresh Step,4.88,"B01DUZYZBG (Fresh Step Litter Box Attractant Powder to Aid in Training, 9 Ounces)",[],True,True,True,False,Litter Accessories,6360.0,B01DUZYZBG,2026-05-11,9.76,0.0,2.0,307.0,0.0
In Stock,ACTIVE,0.507,425.0,11.19,38.0,75.0,2.0,0.0,True,,4.1,4848.0,10.99,0.0,,,Fresh Step,,"B01DUZYZBG (Fresh Step Litter Box Attractant Powder to Aid in Training, 9 Ounces)",[],True,True,True,False,Litter Accessories,6395.0,B01DUZYZBG,2026-05-10,0.0,0.0,0.0,327.0,0.0
In Stock,ACTIVE,0.535,506.0,10.99,46.0,86.0,2.0,0.0,True,,4.1,4846.0,10.99,0.00303951367781155,0.0,,Fresh Step,2.01,"B01DUZYZBG (Fresh Step Litter Box Attractant Powder to Aid in Training, 9 Ounces)",[],True,True,True,False,Litter Accessories,6425.0,B01DUZYZBG,2026-05-09,2.01,0.0,1.0,329.0,0.0
In Stock,ACTIVE,0.304,385.0,10.99,35.0,115.0,2.0,0.0,True,,4.1,4846.0,10.99,0.002865329512893983,0.0,,Fresh Step,5.19,"B01DUZYZBG (Fresh Step Litter Box Attractant Powder to Aid in Training, 9 Ounces)",[],True,True,True,False,Litter Accessories,6460.0,B01DUZYZBG,2026-05-08,5.19,0.0,1.0,349.0,0.0
In Stock,ACTIVE,0.508,659.0,10.99,60.0,118.0,2.0,0.0,True,,4.1,4847.0,10.99,0.00267379679144385,0.0,,Fresh Step,2.36,"B01DUZYZBG (Fresh Step Litter Box Attractant Powder to Aid in Training, 9 Ounces)",[],True,True,True,False,Litter Accessories,6520.0,B01DUZYZBG,2026-05-07,2.36,0.0,1.0,374.0,0.0
In Stock,ACTIVE,0.394,744.0,11.1,67.0,170.0,2.0,0.0,True,,4.1,4844.0,10.99,0.00631578947368421,0.3333333333333333,,Fresh Step,2.586666666666666,"B01DUZYZBG (Fresh Step Litter Box Attractant Powder to Aid in Training, 9 Ounces)",[],True,True,True,False,Litter Accessories,6581.0,B01DUZYZBG,2026-05-06,7.76,10.99,3.0,475.0,1.0
In Stock,ACTIVE,0.4,725.0,10.99,66.0,165.0,2.0,0.0,True,,4.1,4844.0,10.99,0.002347417840375587,0.0,,Fresh Step,5.19,"B01DUZYZBG (Fresh Step Litter Box Attractant Powder to Aid in Training, 9 Ounces)",[],True,True,True,False,Litter Accessories,6667.0,B01DUZYZBG,2026-05-05,5.19,0.0,1.0,426.0,0.0
In Stock,ACTIVE,0.535,758.0,10.99,69.0,129.0,2.0,0.0,True,,4.1,4843.0,10.99,0.004347826086956522,0.0,,Fresh Step,3.66,"B01DUZYZBG (Fresh Step Litter Box Attractant Powder to Aid in Training, 9 Ounces)",[],True,True,True,False,Litter Accessories,6725.0,B01DUZYZBG,2026-05-04,3.66,0.0,1.0,230.0,0.0
In Stock,ACTIVE,0.464,854.0,11.09,77.0,166.0,2.0,0.0,True,,4.1,4842.0,10.99,0.004728132387706856,0.0,,Fresh Step,3.32,"B01DUZYZBG (Fresh Step Litter Box Attractant Powder to Aid in Training, 9 Ounces)",[],True,True,True,False,Litter Accessories,6791.0,B01DUZYZBG,2026-05-03,6.64,0.0,2.0,423.0,0.0
In Stock,ACTIVE,0.467,634.0,11.12,57.0,122.0,2.0,0.0,True,,4.1,4843.0,10.99,0.002178649237472767,0.0,,Fresh Step,5.19,"B01DUZYZBG (Fresh Step Litter Box Attractant Powder to Aid in Training, 9 Ounces)",[],True,True,True,False,Litter Accessories,6859.0,B01DUZYZBG,2026-05-02,5.19,0.0,1.0,459.0,0.0
In Stock,ACTIVE,0.409,571.0,10.99,52.0,127.0,2.0,0.0,True,,4.1,4843.0,10.99,0.008849557522123894,1.0,,Fresh Step,2.19,"B01DUZYZBG (Fresh Step Litter Box Attractant Powder to Aid in Training, 9 Ounces)",[],True,True,True,False,Litter Accessories,6915.0,B01DUZYZBG,2026-05-01,2.19,10.99,1.0,113.0,1.0
In Stock,ACTIVE,0.459,736.0,10.99,67.0,146.0,2.0,0.0,True,,4.1,4843.0,10.99,0.01098901098901099,0.0,,Fresh Step,4.72,"B01DUZYZBG (Fresh Step Litter Box Attractant Powder to Aid in Training, 9 Ounces)",[],True,True,True,False,Litter Accessories,6955.0,B01DUZYZBG,2026-04-30,4.72,0.0,1.0,91.0,0.0
In Stock,ACTIVE,0.565,813.0,10.99,74.0,131.0,2.0,0.0,True,,4.1,4842.0,10.99,0.002,0.0,,Fresh Step,4.78,"B01DUZYZBG (Fresh Step Litter Box Attractant Powder to Aid in Training, 9 Ounces)",[],True,True,True,False,Litter Accessories,7047.0,B01DUZYZBG,2026-04-29,4.78,0.0,1.0,500.0,0.0
In Stock,ACTIVE,0.512,689.0,11.11,62.0,121.0,2.0,0.0,True,,4.1,4841.0,10.99,0.0,,,Fresh Step,,"B01DUZYZBG (Fresh Step Litter Box Attractant Powder to Aid in Training, 9 Ounces)",[],True,True,True,False,Litter Accessories,7096.0,B01DUZYZBG,2026-04-28,0.0,0.0,0.0,270.0,0.0
In Stock,ACTIVE,0.458,612.0,11.12,55.0,120.0,2.0,0.0,True,,4.1,4839.0,10.99,0.002217294900221729,1.0,,Fresh Step,1.92,"B01DUZYZBG (Fresh Step Litter Box Attractant Powder to Aid in Training, 9 Ounces)",[],True,True,True,False,Litter Accessories,7154.0,B01DUZYZBG,2026-04-27,1.92,19.99,1.0,451.0,1.0
In Stock,ACTIVE,0.383,506.0,10.99,46.0,120.0,2.0,0.0,True,,4.1,4840.0,10.99,0.002183406113537118,0.0,,Fresh Step,5.36,"B01DUZYZBG (Fresh Step Litter Box Attractant Powder to Aid in Training, 9 Ounces)",[],True,True,True,False,Litter Accessories,7201.0,B01DUZYZBG,2026-04-26,5.36,0.0,1.0,458.0,0.0
In Stock,ACTIVE,0.398,451.0,10.99,41.0,103.0,2.0,0.0,True,,4.1,4837.0,10.99,0.03157894736842105,0.3333333333333333,,Fresh Step,3.953333333333333,"B01DUZYZBG (Fresh Step Litter Box Attractant Powder to Aid in Training, 9 Ounces)",[],True,True,True,False,Litter Accessories,7244.0,B01DUZYZBG,2026-04-25,11.86,10.99,3.0,95.0,1.0
In Stock,ACTIVE,0.522,674.0,11.23,60.0,115.0,2.0,0.0,True,,4.1,4835.0,10.99,0.003194888178913738,0.0,,Fresh Step,4.24,"B01DUZYZBG (Fresh Step Litter Box Attractant Powder to Aid in Training, 9 Ounces)",[],True,True,True,False,Litter Accessories,7260.0,B01DUZYZBG,2026-04-24,4.24,0.0,1.0,313.0,0.0
In Stock,ACTIVE,0.575,557.0,11.14,50.0,87.0,2.0,0.0,True,,4.1,4835.0,10.99,0.0,,,Fresh Step,,"B01DUZYZBG (Fresh Step Litter Box Attractant Powder to Aid in Training, 9 Ounces)",[],True,True,True,False,Litter Accessories,7332.0,B01DUZYZBG,2026-04-23,0.0,0.0,0.0,98.0,0.0
In Stock,ACTIVE,0.368,462.0,10.99,42.0,114.0,2.0,0.0,True,,4.1,4830.0,10.99,0.003236245954692557,0.0,,Fresh Step,3.47,"B01DUZYZBG (Fresh Step Litter Box Attractant Powder to Aid in Training, 9 Ounces)",[],True,True,True,False,Litter Accessories,7372.0,B01DUZYZBG,2026-04-22,3.47,0.0,1.0,309.0,0.0
In Stock,ACTIVE,0.344,333.0,10.75,31.0,90.0,2.0,0.0,True,,4.1,4831.0,10.99,0.0,,,Fresh Step,,"B01DUZYZBG (Fresh Step Litter Box Attractant Powder to Aid in Training, 9 Ounces)",[],True,True,True,False,Litter Accessories,7402.0,B01DUZYZBG,2026-04-21,0.0,0.0,0.0,93.0,0.0
In Stock,ACTIVE,0.396,447.0,11.17,40.0,101.0,2.0,0.0,True,,4.1,4831.0,10.99,0.008658008658008658,0.0,,Fresh Step,2.795,"B01DUZYZBG (Fresh Step Litter Box Attractant Powder to Aid in Training, 9 Ounces)",[],True,True,True,False,Litter Accessories,7441.0,B01DUZYZBG,2026-04-20,5.59,0.0,2.0,231.0,0.0
In Stock,ACTIVE,0.596,663.0,11.24,59.0,99.0,2.0,0.0,True,,4.1,4831.0,10.99,0.01273885350318471,1.0,,Fresh Step,2.67,"B01DUZYZBG (Fresh Step Litter Box Attractant Powder to Aid in Training, 9 Ounces)",[],True,True,True,False,Litter Accessories,7493.0,B01DUZYZBG,2026-04-19,5.34,21.98,2.0,157.0,2.0
In Stock,ACTIVE,0.363,363.0,10.99,33.0,91.0,2.0,0.0,True,,4.1,4831.0,10.99,0.002710027100271003,0.0,,Fresh Step,1.64,"B01DUZYZBG (Fresh Step Litter Box Attractant Powder to Aid in Training, 9 Ounces)",[],True,True,True,False,Litter Accessories,7532.0,B01DUZYZBG,2026-04-18,1.64,0.0,1.0,369.0,0.0
In Stock,ACTIVE,0.522,527.0,10.99,48.0,92.0,2.0,0.0,True,,4.1,4831.0,10.99,0.00980392156862745,0.0,,Fresh Step,2.9,"B01DUZYZBG (Fresh Step Litter Box Attractant Powder to Aid in Training, 9 Ounces)",[],True,True,True,False,Litter Accessories,7582.0,B01DUZYZBG,2026-04-17,5.8,0.0,2.0,204.0,0.0
In Stock,ACTIVE,0.494,418.0,10.99,38.0,77.0,2.0,0.0,True,,4.1,4831.0,10.99,0.001724137931034483,0.0,,Fresh Step,5.19,"B01DUZYZBG (Fresh Step Litter Box Attractant Powder to Aid in Training, 9 Ounces)",[],True,True,True,False,Litter Accessories,7618.0,B01DUZYZBG,2026-04-16,5.19,0.0,1.0,580.0,0.0
In Stock,ACTIVE,0.348,341.0,10.99,31.0,89.0,2.0,0.0,True,,4.1,4831.0,10.99,0.01060070671378092,0.0,,Fresh Step,4.17,"B01DUZYZBG (Fresh Step Litter Box Attractant Powder to Aid in Training, 9 Ounces)",[],True,True,True,False,Litter Accessories,7651.0,B01DUZYZBG,2026-04-15,12.51,0.0,3.0,283.0,0.0
In Stock,ACTIVE,0.431,356.0,11.47,31.0,72.0,2.0,0.0,True,,4.1,4831.0,10.99,0.002865329512893983,0.0,,Fresh Step,1.12,"B01DUZYZBG (Fresh Step Litter Box Attractant Powder to Aid in Training, 9 Ounces)",[],True,True,True,False,Litter Accessories,7691.0,B01DUZYZBG,2026-04-14,1.12,0.0,1.0,349.0,0.0
In Stock,ACTIVE,0.406,429.0,10.99,39.0,96.0,2.0,0.0,True,,4.1,4832.0,10.99,0.002570694087403599,0.0,,Fresh Step,5.18,"B01DUZYZBG (Fresh Step Litter Box Attractant Powder to Aid in Training, 9 Ounces)",[],True,True,True,False,Litter Accessories,7715.0,B01DUZYZBG,2026-04-13,5.18,0.0,1.0,389.0,0.0
In Stock,ACTIVE,0.487,429.0,10.99,39.0,80.0,2.0,0.0,True,,4.1,4833.0,10.99,0.004842615012106538,0.0,,Fresh Step,4.26,"B01DUZYZBG (Fresh Step Litter Box Attractant Powder to Aid in Training, 9 Ounces)",[],True,True,True,False,Litter Accessories,7757.0,B01DUZYZBG,2026-04-12,8.52,0.0,2.0,413.0,0.0
In Stock,ACTIVE,0.391,396.0,10.99,36.0,92.0,2.0,0.0,True,,4.1,4832.0,10.99,0.003484320557491289,1.0,,Fresh Step,4.95,"B01DUZYZBG (Fresh Step Litter Box Attractant Powder to Aid in Training, 9 Ounces)",[],True,True,True,False,Litter Accessories,0.0,B01DUZYZBG,2026-04-11,4.95,10.99,1.0,287.0,1.0
In Stock,ACTIVE,0.313,286.0,10.99,26.0,83.0,2.0,0.0,True,,4.1,4830.0,10.99,0.0,,,Fresh Step,,"B01DUZYZBG (Fresh Step Litter Box Attractant Powder to Aid in Training, 9 Ounces)",[],True,True,True,False,Litter Accessories,7826.0,B01DUZYZBG,2026-04-10,0.0,0.0,0.0,37.0,0.0
In Stock,ACTIVE,0.435,414.0,11.19,37.0,85.0,2.0,0.0,True,,4.1,4828.0,10.99,0.0,,,Fresh Step,,"B01DUZYZBG (Fresh Step Litter Box Attractant Powder to Aid in Training, 9 Ounces)",[],True,True,True,False,Litter Accessories,7847.0,B01DUZYZBG,2026-04-09,0.0,0.0,0.0,72.0,0.0
In Stock,ACTIVE,0.449,507.0,11.52,44.0,98.0,2.0,0.0,True,,4.1,4827.0,10.99,0.0,,,Fresh Step,,"B01DUZYZBG (Fresh Step Litter Box Attractant Powder to Aid in Training, 9 Ounces)",[],True,True,True,False,Litter Accessories,7886.0,B01DUZYZBG,2026-04-08,0.0,0.0,0.0,53.0,0.0
In Stock,ACTIVE,0.494,436.0,11.18,39.0,79.0,2.0,0.0,True,,4.1,4824.0,10.99,0.0,,,Fresh Step,,"B01DUZYZBG (Fresh Step Litter Box Attractant Powder to Aid in Training, 9 Ounces)",[],True,True,True,False,Litter Accessories,7923.0,B01DUZYZBG,2026-04-07,0.0,0.0,0.0,87.0,0.0
In Stock,ACTIVE,0.4320000000000001,527.0,10.99,48.0,111.0,2.0,0.0,True,,4.1,4824.0,10.99,0.01234567901234568,0.0,,Fresh Step,3.71,"B01DUZYZBG (Fresh Step Litter Box Attractant Powder to Aid in Training, 9 Ounces)",[],True,True,True,False,Litter Accessories,7975.0,B01DUZYZBG,2026-04-06,3.71,0.0,1.0,81.0,0.0
In Stock,ACTIVE,0.482,449.0,11.22,40.0,83.0,2.0,0.0,True,,4.1,4823.0,10.99,0.0,,,Fresh Step,,"B01DUZYZBG (Fresh Step Litter Box Attractant Powder to Aid in Training, 9 Ounces)",[],True,True,True,False,Litter Accessories,8023.0,B01DUZYZBG,2026-04-05,0.0,0.0,0.0,321.0,0.0
In Stock,ACTIVE,0.478,484.0,10.99,44.0,92.0,2.0,0.0,True,,4.1,4822.0,10.99,0.0,,,Fresh Step,,"B01DUZYZBG (Fresh Step Litter Box Attractant Powder to Aid in Training, 9 Ounces)",[],True,True,True,False,Litter Accessories,8060.0,B01DUZYZBG,2026-04-04,0.0,0.0,0.0,467.0,0.0
In Stock,ACTIVE,0.463,407.0,10.99,37.0,80.0,2.0,0.0,True,,4.1,4821.0,10.99,0.002386634844868735,1.0,,Fresh Step,2.17,"B01DUZYZBG (Fresh Step Litter Box Attractant Powder to Aid in Training, 9 Ounces)",[],True,True,True,False,Litter Accessories,8098.0,B01DUZYZBG,2026-04-03,2.17,10.99,1.0,419.0,1.0
In Stock,ACTIVE,0.286,348.0,10.87,32.0,112.0,2.0,0.0,True,,4.1,4820.0,10.99,0.0,,,Fresh Step,,"B01DUZYZBG (Fresh Step Litter Box Attractant Powder to Aid in Training, 9 Ounces)",[],True,True,True,False,Litter Accessories,8129.0,B01DUZYZBG,2026-04-02,0.0,0.0,0.0,513.0,0.0
In Stock,ACTIVE,0.389,394.0,11.26,35.0,90.0,2.0,0.0,True,,4.1,4819.0,10.99,0.0,,,Fresh Step,,"B01DUZYZBG (Fresh Step Litter Box Attractant Powder to Aid in Training, 9 Ounces)",[],True,True,True,False,Litter Accessories,8160.0,B01DUZYZBG,2026-04-01,0.0,0.0,0.0,97.0,0.0
In Stock,ACTIVE,0.355,425.0,11.18,38.0,107.0,2.0,0.0,True,,4.1,4819.0,10.99,0.0,,,Fresh Step,,"B01DUZYZBG (Fresh Step Litter Box Attractant Powder to Aid in Training, 9 Ounces)",[],True,True,True,False,Litter Accessories,8194.0,B01DUZYZBG,2026-03-31,0.0,0.0,0.0,106.0,0.0
In Stock,ACTIVE,0.404,492.0,11.19,44.0,109.0,2.0,0.0,True,,4.1,4820.0,10.99,0.003378378378378379,0.0,,Fresh Step,6.3,"B01DUZYZBG (Fresh Step Litter Box Attractant Powder to Aid in Training, 9 Ounces)",[],True,True,True,False,Litter Accessories,8231.0,B01DUZYZBG,2026-03-30,6.3,0.0,1.0,296.0,0.0
In Stock,ACTIVE,0.408,462.0,10.99,42.0,103.0,2.0,0.0,True,,4.1,4820.0,10.99,0.0,,,Fresh Step,,"B01DUZYZBG (Fresh Step Litter Box Attractant Powder to Aid in Training, 9 Ounces)",[],True,True,True,False,Litter Accessories,8272.0,B01DUZYZBG,2026-03-29,0.0,0.0,0.0,310.0,0.0
In Stock,ACTIVE,0.385,462.0,10.99,42.0,109.0,2.0,0.0,True,,4.1,4817.0,10.99,0.002849002849002849,0.0,,Fresh Step,5.52,"B01DUZYZBG (Fresh Step Litter Box Attractant Powder to Aid in Training, 9 Ounces)",[],True,True,True,False,Litter Accessories,8307.0,B01DUZYZBG,2026-03-28,5.52,0.0,1.0,351.0,0.0
In Stock,ACTIVE,0.4379999999999999,538.0,10.99,49.0,112.0,2.0,0.0,True,,4.1,4816.0,10.99,0.002890173410404624,0.0,,Fresh Step,5.03,"B01DUZYZBG (Fresh Step Litter Box Attractant Powder to Aid in Training, 9 Ounces)",[],True,True,True,False,Litter Accessories,8367.0,B01DUZYZBG,2026-03-27,5.03,0.0,1.0,346.0,0.0
In Stock,ACTIVE,0.31,396.0,10.99,36.0,116.0,2.0,0.0,True,,4.1,4815.0,10.99,0.004282655246252677,0.0,,Fresh Step,4.905,"B01DUZYZBG (Fresh Step Litter Box Attractant Powder to Aid in Training, 9 Ounces)",[],True,True,True,False,Litter Accessories,8398.0,B01DUZYZBG,2026-03-26,9.81,0.0,2.0,467.0,0.0
In Stock,ACTIVE,0.435,447.0,11.17,40.0,92.0,2.0,0.0,True,,4.1,4814.0,10.99,0.0,,,Fresh Step,,"B01DUZYZBG (Fresh Step Litter Box Attractant Powder to Aid in Training, 9 Ounces)",[],True,True,True,False,Litter Accessories,8434.0,B01DUZYZBG,2026-03-25,0.0,0.0,0.0,384.0,0.0
In Stock,ACTIVE,0.374,480.0,11.16,43.0,115.0,2.0,0.0,True,,4.1,4813.0,9.47,0.008,0.0,,Fresh Step,1.73,"B01DUZYZBG (Fresh Step Litter Box Attractant Powder to Aid in Training, 9 Ounces)",[],True,False,True,False,Litter Accessories,8470.0,B01DUZYZBG,2026-03-24,1.73,0.0,1.0,125.0,0.0
In Stock,ACTIVE,0.441,571.0,10.99,52.0,118.0,2.0,0.0,True,,4.1,4813.0,10.99,0.0,,,Fresh Step,,"B01DUZYZBG (Fresh Step Litter Box Attractant Powder to Aid in Training, 9 Ounces)",[],True,True,True,False,Litter Accessories,8523.0,B01DUZYZBG,2026-03-23,0.0,0.0,0.0,64.0,0.0
In Stock,ACTIVE,0.495,546.0,11.14,49.0,99.0,2.0,0.0,True,,4.1,4813.0,10.99,0.002415458937198068,0.0,,Fresh Step,5.19,"B01DUZYZBG (Fresh Step Litter Box Attractant Powder to Aid in Training, 9 Ounces)",[],True,True,True,False,Litter Accessories,8572.0,B01DUZYZBG,2026-03-22,5.19,0.0,1.0,414.0,0.0
In Stock,ACTIVE,0.376,432.0,11.37,38.0,101.0,2.0,0.0,True,,4.1,4813.0,10.99,0.00819672131147541,0.0,,Fresh Step,1.19,"B01DUZYZBG (Fresh Step Litter Box Attractant Powder to Aid in Training, 9 Ounces)",[],True,True,True,False,Litter Accessories,8604.0,B01DUZYZBG,2026-03-21,1.19,0.0,1.0,122.0,0.0
In Stock,ACTIVE,0.385,385.0,10.99,35.0,91.0,2.0,0.0,True,,4.1,4812.0,10.99,0.004672897196261682,0.0,,Fresh Step,3.93,"B01DUZYZBG (Fresh Step Litter Box Attractant Powder to Aid in Training, 9 Ounces)",[],True,True,True,False,Litter Accessories,8655.0,B01DUZYZBG,2026-03-20,3.93,0.0,1.0,214.0,0.0
In Stock,ACTIVE,0.468,484.0,10.99,44.0,94.0,2.0,0.0,True,,4.1,4812.0,10.99,0.0,,,Fresh Step,,"B01DUZYZBG (Fresh Step Litter Box Attractant Powder to Aid in Training, 9 Ounces)",[],True,True,True,False,Litter Accessories,8697.0,B01DUZYZBG,2026-03-19,0.0,0.0,0.0,426.0,0.0
In Stock,ACTIVE,0.442,557.0,11.13,50.0,113.0,2.0,0.0,True,,4.1,4808.0,10.99,0.0,,,Fresh Step,,"B01DUZYZBG (Fresh Step Litter Box Attractant Powder to Aid in Training, 9 Ounces)",[],True,True,True,False,Litter Accessories,8734.0,B01DUZYZBG,2026-03-18,0.0,0.0,0.0,110.0,0.0
In Stock,ACTIVE,0.405,495.0,10.99,45.0,111.0,2.0,0.0,True,,4.1,4806.0,10.99,0.0,,,Fresh Step,,"B01DUZYZBG (Fresh Step Litter Box Attractant Powder to Aid in Training, 9 Ounces)",[],True,True,True,False,Litter Accessories,8802.0,B01DUZYZBG,2026-03-17,0.0,0.0,0.0,87.0,0.0
In Stock,ACTIVE,0.336,565.0,11.29,50.0,149.0,2.0,0.0,True,,4.1,4806.0,10.99,0.0,,,Fresh Step,,"B01DUZYZBG (Fresh Step Litter Box Attractant Powder to Aid in Training, 9 Ounces)",[],True,True,True,False,Litter Accessories,8845.0,B01DUZYZBG,2026-03-16,0.0,0.0,0.0,282.0,0.0
In Stock,ACTIVE,0.31,443.0,11.37,39.0,126.0,2.0,0.0,True,,4.1,4806.0,10.99,0.0,,,Fresh Step,,"B01DUZYZBG (Fresh Step Litter Box Attractant Powder to Aid in Training, 9 Ounces)",[],True,True,True,False,Litter Accessories,8892.0,B01DUZYZBG,2026-03-15,0.0,0.0,0.0,44.0,0.0
In Stock,ACTIVE,0.441,586.0,11.27,52.0,118.0,2.0,0.0,True,,4.1,4805.0,10.99,0.002702702702702703,0.0,,Fresh Step,1.31,"B01DUZYZBG (Fresh Step Litter Box Attractant Powder to Aid in Training, 9 Ounces)",[],True,True,True,False,Litter Accessories,8929.0,B01DUZYZBG,2026-03-14,1.31,0.0,1.0,370.0,0.0
In Stock,ACTIVE,0.268,374.0,10.99,34.0,127.0,2.0,0.0,False,,4.1,4805.0,10.99,0.005747126436781609,0.0,,Fresh Step,1.89,"B01DUZYZBG (Fresh Step Litter Box Attractant Powder to Aid in Training, 9 Ounces)",[],True,True,True,False,Litter Accessories,8952.0,B01DUZYZBG,2026-03-13,1.89,0.0,1.0,174.0,0.0
In Stock,ACTIVE,0.402,539.0,10.99,49.0,122.0,2.0,0.0,True,,4.1,4804.0,10.99,0.002145922746781116,0.0,,Fresh Step,1.55,"B01DUZYZBG (Fresh Step Litter Box Attractant Powder to Aid in Training, 9 Ounces)",[],True,True,True,False,Litter Accessories,8980.0,B01DUZYZBG,2026-03-12,1.55,0.0,1.0,466.0,0.0
In Stock,ACTIVE,0.426,700.0,11.11,63.0,148.0,2.0,0.0,True,,4.1,4803.0,10.99,0.0,,,Fresh Step,,"B01DUZYZBG (Fresh Step Litter Box Attractant Powder to Aid in Training, 9 Ounces)",[],True,True,True,False,Litter Accessories,9025.0,B01DUZYZBG,2026-03-11,0.0,0.0,0.0,218.0,0.0
In Stock,ACTIVE,0.296,495.0,10.99,45.0,152.0,2.0,0.0,True,,4.1,4802.0,10.99,0.0,,,Fresh Step,,"B01DUZYZBG (Fresh Step Litter Box Attractant Powder to Aid in Training, 9 Ounces)",[],True,True,True,False,Litter Accessories,9064.0,B01DUZYZBG,2026-03-10,0.0,0.0,0.0,230.0,0.0
In Stock,ACTIVE,0.477,478.0,11.39,42.0,88.0,2.0,0.0,True,,4.1,4801.0,10.99,0.0,,,Fresh Step,,"B01DUZYZBG (Fresh Step Litter Box Attractant Powder to Aid in Training, 9 Ounces)",[],True,True,True,False,Litter Accessories,9087.0,B01DUZYZBG,2026-03-09,0.0,0.0,0.0,96.0,0.0
In Stock,ACTIVE,0.465,656.0,11.11,59.0,127.0,2.0,0.0,True,,4.1,4801.0,10.99,0.0,,,Fresh Step,,"B01DUZYZBG (Fresh Step Litter Box Attractant Powder to Aid in Training, 9 Ounces)",[],True,True,True,False,Litter Accessories,9130.0,B01DUZYZBG,2026-03-08,0.0,0.0,0.0,2.0,0.0
In Stock,ACTIVE,0.384,528.0,10.99,48.0,125.0,2.0,0.0,True,,4.1,4801.0,10.99,0.0,,,Fresh Step,,"B01DUZYZBG (Fresh Step Litter Box Attractant Powder to Aid in Training, 9 Ounces)",[],True,True,True,False,Litter Accessories,9173.0,B01DUZYZBG,2026-03-07,0.0,0.0,0.0,4.0,0.0
In Stock,ACTIVE,0.4370000000000001,418.0,10.99,38.0,87.0,2.0,0.0,True,,4.1,4800.0,10.99,0.0,,,Fresh Step,,"B01DUZYZBG (Fresh Step Litter Box Attractant Powder to Aid in Training, 9 Ounces)",[],True,True,True,False,Litter Accessories,9212.0,B01DUZYZBG,2026-03-06,0.0,0.0,0.0,3.0,0.0
In Stock,ACTIVE,0.444,403.0,11.2,36.0,81.0,2.0,0.0,True,,4.1,4800.0,10.99,0.0,,,Fresh Step,,"B01DUZYZBG (Fresh Step Litter Box Attractant Powder to Aid in Training, 9 Ounces)",[],True,True,True,False,Litter Accessories,9240.0,B01DUZYZBG,2026-03-05,0.0,0.0,0.0,1.0,0.0
In Stock,ACTIVE,0.308,264.0,10.99,24.0,78.0,2.0,0.0,False,,4.1,4799.0,10.99,,,,Fresh Step,,"B01DUZYZBG (Fresh Step Litter Box Attractant Powder to Aid in Training, 9 Ounces)",[],True,True,True,False,Litter Accessories,9279.0,B01DUZYZBG,2026-03-04,0.0,0.0,0.0,0.0,0.0
In Stock,ACTIVE,0.411,582.0,10.99,53.0,129.0,2.0,0.0,True,,4.1,4795.0,10.99,0.0,,,Fresh Step,,"B01DUZYZBG (Fresh Step Litter Box Attractant Powder to Aid in Training, 9 Ounces)",[],True,True,True,False,Litter Accessories,9318.0,B01DUZYZBG,2026-03-03,0.0,0.0,0.0,8.0,0.0
In Stock,ACTIVE,0.482,582.0,10.99,53.0,110.0,2.0,0.0,True,,4.1,4791.0,10.99,0.003988035892323031,0.0,,Fresh Step,4.455,"B01DUZYZBG (Fresh Step Litter Box Attractant Powder to Aid in Training, 9 Ounces)",[],True,True,True,False,Litter Accessories,9389.0,B01DUZYZBG,2026-03-02,17.82,0.0,4.0,1003.0,0.0
In Stock,ACTIVE,0.522,656.0,11.11,59.0,113.0,2.0,0.0,True,,4.1,4789.0,10.99,0.0,,,Fresh Step,,"B01DUZYZBG (Fresh Step Litter Box Attractant Powder to Aid in Training, 9 Ounces)",[],True,True,True,False,Litter Accessories,9444.0,B01DUZYZBG,2026-03-01,0.0,0.0,0.0,52.0,0.0
In Stock,ACTIVE,0.51,538.0,10.99,49.0,96.0,2.0,0.0,True,,4.1,4788.0,10.99,0.003194888178913738,0.0,,Fresh Step,3.485,"B01DUZYZBG (Fresh Step Litter Box Attractant Powder to Aid in Training, 9 Ounces)",[],True,True,True,False,Litter Accessories,9477.0,B01DUZYZBG,2026-02-28,13.94,0.0,4.0,1252.0,0.0
In Stock,ACTIVE,0.619,601.0,11.56,52.0,84.0,2.0,0.0,True,,4.1,4788.0,10.99,0.0,,,Fresh Step,,"B01DUZYZBG (Fresh Step Litter Box Attractant Powder to Aid in Training, 9 Ounces)",[],True,True,True,False,Litter Accessories,9530.0,B01DUZYZBG,2026-02-27,0.0,0.0,0.0,1.0,0.0
In Stock,ACTIVE,0.504,659.0,10.99,60.0,119.0,2.0,0.0,True,,4.1,4787.0,10.99,,,,Fresh Step,,"B01DUZYZBG (Fresh Step Litter Box Attractant Powder to Aid in Training, 9 Ounces)",[],True,True,True,False,Litter Accessories,9565.0,B01DUZYZBG,2026-02-26,0.0,0.0,0.0,0.0,0.0
In Stock,ACTIVE,0.463,681.0,10.99,62.0,134.0,2.0,0.0,True,,4.1,4786.0,10.99,0.0,,,Fresh Step,,"B01DUZYZBG (Fresh Step Litter Box Attractant Powder to Aid in Training, 9 Ounces)",[],True,True,True,False,Litter Accessories,9630.0,B01DUZYZBG,2026-02-25,0.0,0.0,0.0,245.0,0.0
In Stock,ACTIVE,0.455,502.0,11.16,45.0,99.0,2.0,0.0,True,,4.1,4785.0,10.99,,,,Fresh Step,,"B01DUZYZBG (Fresh Step Litter Box Attractant Powder to Aid in Training, 9 Ounces)",[],True,True,True,False,Litter Accessories,9696.0,B01DUZYZBG,2026-02-24,0.0,0.0,0.0,0.0,0.0
In Stock,ACTIVE,0.4320000000000001,692.0,10.99,63.0,146.0,2.0,0.0,True,,4.1,4783.0,10.99,,,,Fresh Step,,"B01DUZYZBG (Fresh Step Litter Box Attractant Powder to Aid in Training, 9 Ounces)",[],True,True,True,False,Litter Accessories,9747.0,B01DUZYZBG,2026-02-23,0.0,0.0,0.0,0.0,0.0
In Stock,ACTIVE,0.395,502.0,11.16,45.0,114.0,2.0,0.0,True,,4.1,4781.0,10.99,0.0,,,Fresh Step,,"B01DUZYZBG (Fresh Step Litter Box Attractant Powder to Aid in Training, 9 Ounces)",[],True,True,True,False,Litter Accessories,9795.0,B01DUZYZBG,2026-02-22,0.0,0.0,0.0,1.0,0.0
In Stock,ACTIVE,0.5489999999999999,681.0,10.99,62.0,113.0,2.0,0.0,True,,4.1,4780.0,10.99,,,,Fresh Step,,"B01DUZYZBG (Fresh Step Litter Box Attractant Powder to Aid in Training, 9 Ounces)",[],True,True,True,False,Litter Accessories,9843.0,B01DUZYZBG,2026-02-21,0.0,0.0,0.0,0.0,0.0
In Stock,ACTIVE,0.408,645.0,11.12,58.0,142.0,2.0,0.0,True,,4.1,4774.0,10.99,0.0,,,Fresh Step,,"B01DUZYZBG (Fresh Step Litter Box Attractant Powder to Aid in Training, 9 Ounces)",[],True,True,True,False,Litter Accessories,9889.0,B01DUZYZBG,2026-02-20,0.0,0.0,0.0,454.0,0.0
In Stock,ACTIVE,0.375,437.0,11.2,39.0,104.0,2.0,0.0,True,,4.1,4774.0,10.99,0.0,,,Fresh Step,,"B01DUZYZBG (Fresh Step Litter Box Attractant Powder to Aid in Training, 9 Ounces)",[],True,True,True,False,Litter Accessories,9947.0,B01DUZYZBG,2026-02-19,0.0,0.0,0.0,43.0,0.0
In Stock,ACTIVE,0.358,473.0,10.99,43.0,120.0,2.0,0.0,True,,4.1,4774.0,10.99,0.00326797385620915,0.0,,Fresh Step,3.75,"B01DUZYZBG (Fresh Step Litter Box Attractant Powder to Aid in Training, 9 Ounces)",[],True,True,True,False,Litter Accessories,9978.0,B01DUZYZBG,2026-02-18,3.75,0.0,1.0,306.0,0.0
In Stock,ACTIVE,0.544,682.0,11.0,62.0,114.0,2.0,0.0,True,,4.1,4774.0,10.99,,,,Fresh Step,,"B01DUZYZBG (Fresh Step Litter Box Attractant Powder to Aid in Training, 9 Ounces)",[],True,True,True,False,Litter Accessories,10038.0,B01DUZYZBG,2026-02-17,0.0,0.0,0.0,0.0,0.0
In Stock,ACTIVE,0.477,582.0,11.42,51.0,107.0,2.0,0.0,True,,4.1,4774.0,10.99,0.03846153846153846,1.0,,Fresh Step,5.47,"B01DUZYZBG (Fresh Step Litter Box Attractant Powder to Aid in Training, 9 Ounces)",[],True,True,True,False,Litter Accessories,10094.0,B01DUZYZBG,2026-02-16,5.47,10.99,1.0,26.0,1.0
In Stock,ACTIVE,0.58,517.0,10.99,47.0,81.0,2.0,0.0,True,,4.1,4772.0,10.99,,,,Fresh Step,,"B01DUZYZBG (Fresh Step Litter Box Attractant Powder to Aid in Training, 9 Ounces)",[],True,True,True,False,Litter Accessories,10125.0,B01DUZYZBG,2026-02-15,0.0,0.0,0.0,0.0,0.0
In Stock,ACTIVE,0.534,517.0,10.99,47.0,88.0,2.0,0.0,True,,4.1,4772.0,10.99,0.0,,,Fresh Step,,"B01DUZYZBG (Fresh Step Litter Box Attractant Powder to Aid in Training, 9 Ounces)",[],True,True,True,False,Litter Accessories,10177.0,B01DUZYZBG,2026-02-14,0.0,0.0,0.0,2.0,0.0
In Stock,ACTIVE,0.464,502.0,11.15,45.0,97.0,2.0,0.0,True,,4.1,4770.0,10.99,0.0,,,Fresh Step,,"B01DUZYZBG (Fresh Step Litter Box Attractant Powder to Aid in Training, 9 Ounces)",[],True,True,True,False,Litter Accessories,10223.0,B01DUZYZBG,2026-02-13,0.0,0.0,0.0,1.0,0.0
In Stock,ACTIVE,0.491,626.0,10.99,57.0,116.0,2.0,0.0,True,,4.1,4767.0,10.99,0.0,,,Fresh Step,,"B01DUZYZBG (Fresh Step Litter Box Attractant Powder to Aid in Training, 9 Ounces)",[],True,True,True,False,Litter Accessories,10282.0,B01DUZYZBG,2026-02-12,0.0,0.0,0.0,11.0,0.0
In Stock,ACTIVE,0.448,571.0,10.99,52.0,116.0,2.0,0.0,True,,4.1,4765.0,10.99,0.003134796238244514,0.0,,Fresh Step,4.95,"B01DUZYZBG (Fresh Step Litter Box Attractant Powder to Aid in Training, 9 Ounces)",[],True,True,True,False,Litter Accessories,10335.0,B01DUZYZBG,2026-02-11,4.95,0.0,1.0,319.0,0.0
In Stock,ACTIVE,0.589,615.0,10.99,56.0,95.0,2.0,0.0,True,,4.1,4763.0,10.99,,,,Fresh Step,,"B01DUZYZBG (Fresh Step Litter Box Attractant Powder to Aid in Training, 9 Ounces)",[],True,True,True,False,Litter Accessories,10391.0,B01DUZYZBG,2026-02-10,0.0,0.0,0.0,0.0,0.0
In Stock,ACTIVE,0.38,392.0,11.2,35.0,92.0,2.0,0.0,True,,4.1,4761.0,10.99,0.0,,,Fresh Step,,"B01DUZYZBG (Fresh Step Litter Box Attractant Powder to Aid in Training, 9 Ounces)",[],True,True,True,False,Litter Accessories,10427.0,B01DUZYZBG,2026-02-09,0.0,0.0,0.0,1.0,0.0
In Stock,ACTIVE,0.454,593.0,10.99,54.0,119.0,2.0,0.0,True,,4.1,4758.0,10.99,0.0,,,Fresh Step,,"B01DUZYZBG (Fresh Step Litter Box Attractant Powder to Aid in Training, 9 Ounces)",[],True,True,True,False,Litter Accessories,10484.0,B01DUZYZBG,2026-02-08,0.0,0.0,0.0,9.0,0.0
In Stock,ACTIVE,0.496,642.0,11.26,57.0,115.0,2.0,0.0,True,,4.1,4756.0,10.99,0.0,,,Fresh Step,,"B01DUZYZBG (Fresh Step Litter Box Attractant Powder to Aid in Training, 9 Ounces)",[],True,True,True,False,Litter Accessories,10543.0,B01DUZYZBG,2026-02-07,0.0,0.0,0.0,10.0,0.0
In Stock,ACTIVE,0.465,513.0,11.16,46.0,99.0,2.0,0.0,True,,4.1,4754.0,10.99,0.0,,,Fresh Step,,"B01DUZYZBG (Fresh Step Litter Box Attractant Powder to Aid in Training, 9 Ounces)",[],True,True,True,False,Litter Accessories,10599.0,B01DUZYZBG,2026-02-06,0.0,0.0,0.0,7.0,0.0
In Stock,ACTIVE,0.48,678.0,11.11,61.0,127.0,2.0,0.0,True,,4.1,4754.0,10.99,0.002789400278940028,0.1666666666666667,,Fresh Step,3.66,"B01DUZYZBG (Fresh Step Litter Box Attractant Powder to Aid in Training, 9 Ounces)",[],True,True,True,False,Litter Accessories,10665.0,B01DUZYZBG,2026-02-05,21.96,10.99,6.0,2151.0,1.0
In Stock,ACTIVE,0.4429999999999999,524.0,11.15,47.0,106.0,2.0,0.0,True,,4.1,4753.0,10.99,0.0,,,Fresh Step,,"B01DUZYZBG (Fresh Step Litter Box Attractant Powder to Aid in Training, 9 Ounces)",[],True,True,True,False,Litter Accessories,10712.0,B01DUZYZBG,2026-02-04,0.0,0.0,0.0,11.0,0.0
In Stock,ACTIVE,0.427,451.0,10.99,41.0,96.0,2.0,0.0,True,,4.1,4753.0,10.99,0.002642007926023778,0.0,,Fresh Step,3.765,"B01DUZYZBG (Fresh Step Litter Box Attractant Powder to Aid in Training, 9 Ounces)",[],True,True,True,False,Litter Accessories,10757.0,B01DUZYZBG,2026-02-03,7.53,0.0,2.0,757.0,0.0
In Stock,ACTIVE,0.408,568.0,11.13,51.0,125.0,2.0,0.0,True,,4.1,4751.0,10.99,0.007633587786259542,0.0,,Fresh Step,0.93,"B01DUZYZBG (Fresh Step Litter Box Attractant Powder to Aid in Training, 9 Ounces)",[],True,True,True,False,Litter Accessories,10803.0,B01DUZYZBG,2026-02-02,0.93,0.0,1.0,131.0,0.0
In Stock,ACTIVE,0.418,654.0,11.08,59.0,141.0,6.0,0.0,True,,4.1,4749.0,10.99,0.002515723270440251,0.1666666666666667,,Fresh Step,3.448333333333334,"B01DUZYZBG (Fresh Step Litter Box Attractant Powder to Aid in Training, 9 Ounces)",[],True,True,True,False,Litter Accessories,10858.0,B01DUZYZBG,2026-02-01,20.69,7.01,6.0,2385.0,1.0
In Stock,ACTIVE,0.383,505.0,11.49,44.0,115.0,2.0,0.0,True,,4.1,4749.0,10.99,0.00302571860816944,0.0,,Fresh Step,1.955,"B01DUZYZBG (Fresh Step Litter Box Attractant Powder to Aid in Training, 9 Ounces)",[],True,True,True,False,Litter Accessories,10915.0,B01DUZYZBG,2026-01-31,3.91,0.0,2.0,661.0,0.0
In Stock,ACTIVE,0.491,623.0,10.92,57.0,116.0,2.0,0.0,True,,4.1,4748.0,10.99,0.0,,,Fresh Step,,"B01DUZYZBG (Fresh Step Litter Box Attractant Powder to Aid in Training, 9 Ounces)",[],True,True,True,False,Litter Accessories,10964.0,B01DUZYZBG,2026-01-30,0.0,0.0,0.0,392.0,0.0
In Stock,ACTIVE,0.364,473.0,10.99,43.0,118.0,2.0,0.0,True,,4.1,4747.0,10.99,0.002320185614849188,0.0,,Fresh Step,4.36,"B01DUZYZBG (Fresh Step Litter Box Attractant Powder to Aid in Training, 9 Ounces)",[],True,True,True,False,Litter Accessories,11013.0,B01DUZYZBG,2026-01-29,8.72,0.0,2.0,862.0,0.0
In Stock,ACTIVE,0.47,593.0,10.99,54.0,115.0,2.0,0.0,True,,4.1,4746.0,10.99,0.001054852320675105,0.0,,Fresh Step,4.93,"B01DUZYZBG (Fresh Step Litter Box Attractant Powder to Aid in Training, 9 Ounces)",[],True,True,True,False,Litter Accessories,11086.0,B01DUZYZBG,2026-01-28,4.93,0.0,1.0,948.0,0.0
In Stock,ACTIVE,0.433,502.0,11.17,45.0,104.0,2.0,0.0,True,,4.1,4745.0,10.99,0.002270147559591373,0.5,,Fresh Step,5.565,"B01DUZYZBG (Fresh Step Litter Box Attractant Powder to Aid in Training, 9 Ounces)",[],True,True,True,False,Litter Accessories,11123.0,B01DUZYZBG,2026-01-27,11.13,10.99,2.0,881.0,1.0
In Stock,ACTIVE,0.336,451.0,10.99,41.0,122.0,2.0,0.0,True,,4.1,4745.0,10.99,0.006279434850863423,0.5,,Fresh Step,3.6,"B01DUZYZBG (Fresh Step Litter Box Attractant Powder to Aid in Training, 9 Ounces)",[],True,True,True,False,Litter Accessories,11152.0,B01DUZYZBG,2026-01-26,14.4,21.98,4.0,637.0,2.0
In Stock,ACTIVE,0.287,319.0,10.99,29.0,101.0,2.0,0.0,True,,4.1,4744.0,10.99,0.002232142857142857,0.0,,Fresh Step,3.2,"B01DUZYZBG (Fresh Step Litter Box Attractant Powder to Aid in Training, 9 Ounces)",[],True,True,True,False,Litter Accessories,11165.0,B01DUZYZBG,2026-01-25,3.2,0.0,1.0,448.0,0.0
In Stock,ACTIVE,0.307,385.0,10.99,35.0,114.0,2.0,0.0,True,,4.1,4743.0,10.99,0.00392156862745098,1.0,,Fresh Step,1.89,"B01DUZYZBG (Fresh Step Litter Box Attractant Powder to Aid in Training, 9 Ounces)",[],True,True,True,False,Litter Accessories,11183.0,B01DUZYZBG,2026-01-24,1.89,10.99,1.0,255.0,1.0
In Stock,ACTIVE,0.347,377.0,11.1,34.0,98.0,2.0,0.0,True,,4.1,4743.0,10.99,0.002659574468085106,1.0,,Fresh Step,3.93,"B01DUZYZBG (Fresh Step Litter Box Attractant Powder to Aid in Training, 9 Ounces)",[],True,True,True,False,Litter Accessories,11194.0,B01DUZYZBG,2026-01-23,3.93,10.99,1.0,376.0,1.0
In Stock,ACTIVE,0.349,483.0,10.99,44.0,126.0,2.0,0.0,True,,4.1,4741.0,10.99,0.0,,,Fresh Step,,"B01DUZYZBG (Fresh Step Litter Box Attractant Powder to Aid in Training, 9 Ounces)",[],True,True,True,False,Litter Accessories,11219.0,B01DUZYZBG,2026-01-22,0.0,0.0,0.0,271.0,0.0
In Stock,ACTIVE,0.388,648.0,10.99,59.0,152.0,2.0,0.0,True,,4.1,4740.0,10.99,0.002066115702479339,0.0,,Fresh Step,6.0,"B01DUZYZBG (Fresh Step Litter Box Attractant Powder to Aid in Training, 9 Ounces)",[],True,True,True,False,Litter Accessories,11288.0,B01DUZYZBG,2026-01-21,6.0,0.0,1.0,484.0,0.0
In Stock,ACTIVE,0.427,623.0,11.12,56.0,131.0,2.0,0.0,True,,4.1,4741.0,10.99,0.00641025641025641,1.0,,Fresh Step,1.1,"B01DUZYZBG (Fresh Step Litter Box Attractant Powder to Aid in Training, 9 Ounces)",[],True,True,True,False,Litter Accessories,11353.0,B01DUZYZBG,2026-01-20,1.1,10.99,1.0,156.0,1.0
In Stock,ACTIVE,0.3720000000000001,637.0,10.99,58.0,156.0,2.0,0.0,True,,4.2,4739.0,10.99,0.009569377990430622,1.0,,Fresh Step,4.59,"B01DUZYZBG (Fresh Step Litter Box Attractant Powder to Aid in Training, 9 Ounces)",[],True,True,True,False,Litter Accessories,11402.0,B01DUZYZBG,2026-01-19,9.18,31.96,2.0,209.0,2.0
In Stock,ACTIVE,0.417,516.0,11.48,45.0,108.0,2.0,0.0,True,,4.1,4738.0,10.99,0.008,0.0,,Fresh Step,4.95,"B01DUZYZBG (Fresh Step Litter Box Attractant Powder to Aid in Training, 9 Ounces)",[],True,True,True,False,Litter Accessories,11455.0,B01DUZYZBG,2026-01-18,4.95,0.0,1.0,125.0,0.0
In Stock,ACTIVE,0.522,517.0,10.99,47.0,90.0,2.0,0.0,True,,4.1,4738.0,10.99,0.0,,,Fresh Step,,"B01DUZYZBG (Fresh Step Litter Box Attractant Powder to Aid in Training, 9 Ounces)",[],True,True,True,False,Litter Accessories,11501.0,B01DUZYZBG,2026-01-17,0.0,0.0,0.0,157.0,0.0
In Stock,ACTIVE,0.5660000000000001,630.0,11.25,56.0,99.0,2.0,0.0,True,,4.2,4738.0,10.99,,,,Fresh Step,,"B01DUZYZBG (Fresh Step Litter Box Attractant Powder to Aid in Training, 9 Ounces)",[],True,True,True,False,Litter Accessories,11558.0,B01DUZYZBG,2026-01-16,0.0,0.0,0.0,0.0,0.0
In Stock,ACTIVE,0.412,517.0,10.99,47.0,114.0,2.0,0.0,True,,4.2,4736.0,10.99,,,,Fresh Step,,"B01DUZYZBG (Fresh Step Litter Box Attractant Powder to Aid in Training, 9 Ounces)",[],True,True,True,False,Litter Accessories,11598.0,B01DUZYZBG,2026-01-15,,,,,
In Stock,ACTIVE,0.5,700.0,11.11,63.0,126.0,2.0,0.0,True,,4.1,4734.0,10.99,,,,Fresh Step,,"B01DUZYZBG (Fresh Step Litter Box Attractant Powder to Aid in Training, 9 Ounces)",[],True,True,True,False,Litter Accessories,11644.0,B01DUZYZBG,2026-01-14,,,,,
In Stock,ACTIVE,0.418,370.0,11.21,33.0,79.0,2.0,0.0,True,,4.1,4733.0,10.99,,,,Fresh Step,,"B01DUZYZBG (Fresh Step Litter Box Attractant Powder to Aid in Training, 9 Ounces)",[],True,True,True,False,Litter Accessories,11671.0,B01DUZYZBG,2026-01-13,,,,,
In Stock,ACTIVE,0.3779999999999999,462.0,10.99,42.0,111.0,2.0,0.0,True,,4.1,4733.0,10.99,,,,Fresh Step,,"B01DUZYZBG (Fresh Step Litter Box Attractant Powder to Aid in Training, 9 Ounces)",[],True,True,True,False,Litter Accessories,11709.0,B01DUZYZBG,2026-01-12,,,,,
In Stock,ACTIVE,0.404,505.0,10.99,46.0,114.0,2.0,0.0,True,,4.1,4732.0,10.99,,,,Fresh Step,,"B01DUZYZBG (Fresh Step Litter Box Attractant Powder to Aid in Training, 9 Ounces)",[],True,True,True,False,Litter Accessories,11780.0,B01DUZYZBG,2026-01-11,,,,,
In Stock,ACTIVE,0.479,637.0,10.99,58.0,121.0,2.0,0.0,True,,4.1,4730.0,10.99,,,,Fresh Step,,"B01DUZYZBG (Fresh Step Litter Box Attractant Powder to Aid in Training, 9 Ounces)",[],True,True,True,False,Litter Accessories,11843.0,B01DUZYZBG,2026-01-10,,,,,
In Stock,ACTIVE,0.467,711.0,11.11,64.0,137.0,2.0,0.0,True,,4.1,4731.0,10.99,,,,Fresh Step,,"B01DUZYZBG (Fresh Step Litter Box Attractant Powder to Aid in Training, 9 Ounces)",[],True,True,True,False,Litter Accessories,11906.0,B01DUZYZBG,2026-01-09,,,,,
In Stock,ACTIVE,0.674,645.0,11.12,58.0,86.0,3.0,0.0,True,,4.1,4726.0,10.99,,,,Fresh Step,,"B01DUZYZBG (Fresh Step Litter Box Attractant Powder to Aid in Training, 9 Ounces)",[],True,True,True,False,Litter Accessories,11944.0,B01DUZYZBG,2026-01-08,,,,,
In Stock,ACTIVE,0.409,678.0,11.11,61.0,149.0,3.0,0.0,True,,4.1,4724.0,10.99,,,,Fresh Step,,"B01DUZYZBG (Fresh Step Litter Box Attractant Powder to Aid in Training, 9 Ounces)",[],True,True,True,False,Litter Accessories,12004.0,B01DUZYZBG,2026-01-07,,,,,
In Stock,ACTIVE,0.302,539.0,10.99,49.0,162.0,3.0,0.0,True,,4.1,4724.0,10.99,,,,Fresh Step,,"B01DUZYZBG (Fresh Step Litter Box Attractant Powder to Aid in Training, 9 Ounces)",[],True,True,True,False,Litter Accessories,12064.0,B01DUZYZBG,2026-01-06,,,,,
In Stock,ACTIVE,0.354,645.0,11.12,58.0,164.0,3.0,0.0,True,,4.1,4724.0,10.99,,,,Fresh Step,,"B01DUZYZBG (Fresh Step Litter Box Attractant Powder to Aid in Training, 9 Ounces)",[],True,True,True,False,Litter Accessories,12116.0,B01DUZYZBG,2026-01-05,0.0,0.0,0.0,0.0,0.0
In Stock,ACTIVE,0.4320000000000001,703.0,10.99,64.0,148.0,3.0,0.0,True,,4.1,4721.0,10.99,,,,Fresh Step,,"B01DUZYZBG (Fresh Step Litter Box Attractant Powder to Aid in Training, 9 Ounces)",[],True,True,True,False,Litter Accessories,12187.0,B01DUZYZBG,2026-01-04,,,,,
In Stock,ACTIVE,0.302,421.0,11.09,38.0,126.0,3.0,0.0,True,,4.1,4720.0,10.99,,,,Fresh Step,,"B01DUZYZBG (Fresh Step Litter Box Attractant Powder to Aid in Training, 9 Ounces)",[],True,True,True,False,Litter Accessories,12236.0,B01DUZYZBG,2026-01-03,,,,,
In Stock,ACTIVE,0.271,506.0,10.99,46.0,170.0,3.0,0.0,True,,4.1,4720.0,10.99,,,,Fresh Step,,"B01DUZYZBG (Fresh Step Litter Box Attractant Powder to Aid in Training, 9 Ounces)",[],True,True,True,False,Litter Accessories,12300.0,B01DUZYZBG,2026-01-02,,,,,
In Stock,ACTIVE,0.35,462.0,10.99,42.0,120.0,3.0,0.0,True,,4.1,4720.0,10.99,0.005988023952095809,0.5,,Fresh Step,2.085,"B01DUZYZBG (Fresh Step Litter Box Attractant Powder to Aid in Training, 9 Ounces)",[],True,False,True,False,Litter Accessories,12363.0,B01DUZYZBG,2026-01-01,4.17,10.99,2.0,334.0,1.0
In Stock,ACTIVE,0.306,491.0,11.15,44.0,144.0,3.0,0.0,True,,4.1,4714.0,10.99,0.008902077151335312,0.3333333333333333,,Fresh Step,2.123333333333334,"B01DUZYZBG (Fresh Step Litter Box Attractant Powder to Aid in Training, 9 Ounces)",[],True,False,True,False,Litter Accessories,12389.0,B01DUZYZBG,2025-12-31,6.37,10.99,3.0,337.0,1.0
In Stock,ACTIVE,0.304,539.0,10.99,49.0,161.0,3.0,0.0,True,,4.1,4714.0,10.99,0.005597014925373134,1.0,,Fresh Step,1.753333333333333,"B01DUZYZBG (Fresh Step Litter Box Attractant Powder to Aid in Training, 9 Ounces)",[],True,True,True,False,Litter Accessories,12415.0,B01DUZYZBG,2025-12-30,5.26,32.97,3.0,536.0,3.0
In Stock,ACTIVE,0.333,692.0,10.99,63.0,189.0,3.0,0.0,True,,4.1,4709.0,10.99,0.006493506493506494,0.0,,Fresh Step,1.885,"B01DUZYZBG (Fresh Step Litter Box Attractant Powder to Aid in Training, 9 Ounces)",[],True,True,True,False,Litter Accessories,12475.0,B01DUZYZBG,2025-12-29,3.77,0.0,2.0,308.0,0.0
In Stock,ACTIVE,0.384,725.0,10.99,66.0,172.0,3.0,0.0,True,,4.1,4708.0,10.99,0.01138952164009112,0.4,,Fresh Step,1.874,"B01DUZYZBG (Fresh Step Litter Box Attractant Powder to Aid in Training, 9 Ounces)",[],True,True,True,False,Litter Accessories,12554.0,B01DUZYZBG,2025-12-28,9.37,21.98,5.0,439.0,2.0
In Stock,ACTIVE,0.292,517.0,10.99,47.0,161.0,3.0,0.0,True,,4.1,4708.0,10.99,0.005154639175257732,0.5,,Fresh Step,1.77,"B01DUZYZBG (Fresh Step Litter Box Attractant Powder to Aid in Training, 9 Ounces)",[],True,True,True,False,Litter Accessories,12612.0,B01DUZYZBG,2025-12-27,3.54,10.99,2.0,388.0,1.0
In Stock,ACTIVE,0.402,582.0,10.99,53.0,132.0,3.0,0.0,True,,4.1,4706.0,10.99,0.0078125,0.5,,Fresh Step,2.88,"B01DUZYZBG (Fresh Step Litter Box Attractant Powder to Aid in Training, 9 Ounces)",[],True,True,True,False,Litter Accessories,12687.0,B01DUZYZBG,2025-12-26,5.76,10.99,2.0,256.0,1.0
In Stock,ACTIVE,0.404,469.0,11.17,42.0,104.0,3.0,0.0,True,,4.1,4705.0,10.99,0.003322259136212625,0.0,,Fresh Step,1.7,"B01DUZYZBG (Fresh Step Litter Box Attractant Powder to Aid in Training, 9 Ounces)",[],True,True,True,False,Litter Accessories,12756.0,B01DUZYZBG,2025-12-25,1.7,0.0,1.0,301.0,0.0
In Stock,ACTIVE,0.433,319.0,10.99,29.0,67.0,3.0,0.0,True,,4.1,4706.0,10.99,0.002016129032258064,0.0,,Fresh Step,2.75,"B01DUZYZBG (Fresh Step Litter Box Attractant Powder to Aid in Training, 9 Ounces)",[],True,True,True,False,Litter Accessories,12757.0,B01DUZYZBG,2025-12-24,2.75,0.0,1.0,496.0,0.0
In Stock,ACTIVE,0.4,491.0,11.16,44.0,110.0,3.0,0.0,True,,4.1,4706.0,10.99,0.003773584905660377,0.0,,Fresh Step,1.935,"B01DUZYZBG (Fresh Step Litter Box Attractant Powder to Aid in Training, 9 Ounces)",[],True,True,True,False,Litter Accessories,12765.0,B01DUZYZBG,2025-12-23,3.87,0.0,2.0,530.0,0.0
In Stock,ACTIVE,0.368,462.0,10.99,42.0,114.0,3.0,0.0,True,,4.1,4704.0,10.99,0.005940594059405941,0.3333333333333333,,Fresh Step,2.376666666666666,"B01DUZYZBG (Fresh Step Litter Box Attractant Powder to Aid in Training, 9 Ounces)",[],True,True,True,False,Litter Accessories,12802.0,B01DUZYZBG,2025-12-22,7.13,10.99,3.0,505.0,1.0
In Stock,ACTIVE,0.459,553.0,11.06,50.0,109.0,3.0,0.0,True,,4.1,4701.0,10.99,0.004559270516717325,0.6666666666666666,,Fresh Step,2.42,"B01DUZYZBG (Fresh Step Litter Box Attractant Powder to Aid in Training, 9 Ounces)",[],True,True,True,False,Litter Accessories,12850.0,B01DUZYZBG,2025-12-21,7.26,21.98,3.0,658.0,2.0
In Stock,ACTIVE,0.374,480.0,11.16,43.0,115.0,3.0,0.0,True,,4.1,4700.0,10.99,0.005154639175257732,0.6666666666666666,,Fresh Step,2.821666666666667,"B01DUZYZBG (Fresh Step Litter Box Attractant Powder to Aid in Training, 9 Ounces)",[],True,True,True,False,Litter Accessories,12882.0,B01DUZYZBG,2025-12-20,16.93,32.96,6.0,1164.0,4.0
In Stock,ACTIVE,0.471,542.0,11.06,49.0,104.0,3.0,0.0,True,,4.1,4701.0,10.99,0.004838709677419355,0.3333333333333333,,Fresh Step,1.873333333333333,"B01DUZYZBG (Fresh Step Litter Box Attractant Powder to Aid in Training, 9 Ounces)",[],True,True,True,False,Litter Accessories,12968.0,B01DUZYZBG,2025-12-19,5.62,10.99,3.0,620.0,1.0
In Stock,ACTIVE,0.371,582.0,10.99,53.0,143.0,3.0,0.0,True,,4.1,4701.0,10.99,0.007625272331154684,0.2857142857142857,,Fresh Step,2.075714285714286,"B01DUZYZBG (Fresh Step Litter Box Attractant Powder to Aid in Training, 9 Ounces)",[],True,True,True,False,Litter Accessories,13014.0,B01DUZYZBG,2025-12-18,14.53,21.98,7.0,918.0,2.0
In Stock,ACTIVE,0.352,476.0,11.07,43.0,122.0,3.0,0.0,True,,4.1,4700.0,10.99,0.006396588486140725,0.3333333333333333,,Fresh Step,2.143333333333333,"B01DUZYZBG (Fresh Step Litter Box Attractant Powder to Aid in Training, 9 Ounces)",[],True,True,True,False,Litter Accessories,13069.0,B01DUZYZBG,2025-12-17,6.43,10.99,3.0,469.0,1.0
In Stock,ACTIVE,0.387,506.0,10.99,46.0,119.0,3.0,0.0,True,,4.1,4698.0,10.99,0.001808318264014466,0.0,,Fresh Step,1.44,"B01DUZYZBG (Fresh Step Litter Box Attractant Powder to Aid in Training, 9 Ounces)",[],True,True,True,False,Litter Accessories,13101.0,B01DUZYZBG,2025-12-16,1.44,0.0,1.0,553.0,0.0
In Stock,ACTIVE,0.393,462.0,10.99,42.0,107.0,3.0,0.0,True,,4.1,4697.0,10.99,0.004175365344467641,0.75,,Fresh Step,2.435,"B01DUZYZBG (Fresh Step Litter Box Attractant Powder to Aid in Training, 9 Ounces)",[],True,True,True,False,Litter Accessories,13147.0,B01DUZYZBG,2025-12-15,9.74,35.53,4.0,958.0,3.0
In Stock,ACTIVE,0.31,539.0,10.99,49.0,158.0,3.0,0.0,True,,4.1,4695.0,10.99,0.0103397341211226,0.2857142857142857,,Fresh Step,2.484285714285714,"B01DUZYZBG (Fresh Step Litter Box Attractant Powder to Aid in Training, 9 Ounces)",[],True,True,True,False,Litter Accessories,13195.0,B01DUZYZBG,2025-12-14,17.39,21.98,7.0,677.0,2.0
In Stock,ACTIVE,0.396,403.0,11.19,36.0,91.0,3.0,0.0,True,,4.1,4692.0,10.99,0.003861003861003861,0.0,,Fresh Step,2.44,"B01DUZYZBG (Fresh Step Litter Box Attractant Powder to Aid in Training, 9 Ounces)",[],True,True,True,False,Litter Accessories,13232.0,B01DUZYZBG,2025-12-13,4.88,0.0,2.0,518.0,0.0
In Stock,ACTIVE,0.34,381.0,11.21,34.0,100.0,3.0,0.0,True,,4.1,4692.0,10.99,0.004291845493562232,0.0,,Fresh Step,2.78,"B01DUZYZBG (Fresh Step Litter Box Attractant Powder to Aid in Training, 9 Ounces)",[],True,True,True,False,Litter Accessories,13267.0,B01DUZYZBG,2025-12-12,5.56,0.0,2.0,466.0,0.0
In Stock,ACTIVE,0.645,790.0,11.12,71.0,110.0,3.0,0.0,True,,4.1,4692.0,10.99,0.007352941176470588,0.5,,Fresh Step,2.815,"B01DUZYZBG (Fresh Step Litter Box Attractant Powder to Aid in Training, 9 Ounces)",[],True,True,True,False,Litter Accessories,13317.0,B01DUZYZBG,2025-12-11,5.63,10.99,2.0,272.0,1.0
In Stock,ACTIVE,0.44,604.0,10.99,55.0,125.0,3.0,0.0,True,,4.1,4691.0,10.99,0.006504065040650406,0.5,,Fresh Step,1.8725,"B01DUZYZBG (Fresh Step Litter Box Attractant Powder to Aid in Training, 9 Ounces)",[],True,True,True,False,Litter Accessories,13368.0,B01DUZYZBG,2025-12-10,7.49,21.98,4.0,615.0,2.0
In Stock,ACTIVE,0.341,495.0,10.99,45.0,132.0,3.0,0.0,True,,4.1,4688.0,10.99,0.003164556962025316,0.0,,Fresh Step,2.31,"B01DUZYZBG (Fresh Step Litter Box Attractant Powder to Aid in Training, 9 Ounces)",[],True,True,True,False,Litter Accessories,13420.0,B01DUZYZBG,2025-12-09,2.31,0.0,1.0,316.0,0.0
In Stock,ACTIVE,0.4970000000000001,802.0,10.99,73.0,147.0,3.0,0.0,True,,4.1,4688.0,10.99,0.0,,,Fresh Step,,"B01DUZYZBG (Fresh Step Litter Box Attractant Powder to Aid in Training, 9 Ounces)",[],True,True,True,False,Litter Accessories,13513.0,B01DUZYZBG,2025-12-08,0.0,0.0,0.0,381.0,0.0
In Stock,ACTIVE,0.515,939.0,11.18,84.0,163.0,3.0,0.0,True,,4.1,4686.0,10.99,0.007978723404255319,0.3333333333333333,,Fresh Step,2.746666666666667,"B01DUZYZBG (Fresh Step Litter Box Attractant Powder to Aid in Training, 9 Ounces)",[],True,True,True,False,Litter Accessories,13569.0,B01DUZYZBG,2025-12-07,8.24,10.99,3.0,376.0,1.0
In Stock,ACTIVE,0.359,524.0,11.15,47.0,131.0,3.0,0.0,True,,4.1,4685.0,10.99,0.0,,,Fresh Step,,"B01DUZYZBG (Fresh Step Litter Box Attractant Powder to Aid in Training, 9 Ounces)",[],True,True,True,False,Litter Accessories,13636.0,B01DUZYZBG,2025-12-06,0.0,0.0,0.0,393.0,0.0
In Stock,ACTIVE,0.364,571.0,10.99,52.0,143.0,3.0,0.0,True,,4.1,4681.0,10.99,0.008021390374331552,0.3333333333333333,,Fresh Step,3.586666666666666,"B01DUZYZBG (Fresh Step Litter Box Attractant Powder to Aid in Training, 9 Ounces)",[],True,True,True,False,Litter Accessories,13697.0,B01DUZYZBG,2025-12-05,10.76,10.99,3.0,374.0,1.0
In Stock,ACTIVE,0.408,703.0,10.99,64.0,157.0,3.0,0.0,True,,4.1,4679.0,10.99,0.006928406466512702,0.3333333333333333,,Fresh Step,2.0,"B01DUZYZBG (Fresh Step Litter Box Attractant Powder to Aid in Training, 9 Ounces)",[],True,True,True,False,Litter Accessories,13766.0,B01DUZYZBG,2025-12-04,6.0,10.99,3.0,433.0,1.0
In Stock,ACTIVE,0.409,736.0,10.99,67.0,164.0,3.0,0.0,True,,4.1,4678.0,10.99,0.006289308176100629,0.2857142857142857,,Fresh Step,2.958571428571429,"B01DUZYZBG (Fresh Step Litter Box Attractant Powder to Aid in Training, 9 Ounces)",[],True,True,True,False,Litter Accessories,13819.0,B01DUZYZBG,2025-12-03,20.71,21.98,7.0,1113.0,2.0
In Stock,ACTIVE,0.299,484.0,10.99,44.0,147.0,3.0,0.0,True,,4.1,4675.0,10.99,0.004054738976178409,0.125,,Fresh Step,3.1425,"B01DUZYZBG (Fresh Step Litter Box Attractant Powder to Aid in Training, 9 Ounces)",[],True,True,True,False,Litter Accessories,13857.0,B01DUZYZBG,2025-12-02,25.14,10.99,8.0,1973.0,1.0
In Stock,ACTIVE,0.4379999999999999,780.0,10.99,71.0,162.0,3.0,0.0,True,,4.1,4674.0,10.99,0.003783431180691455,0.4137931034482759,,Fresh Step,3.514827586206897,"B01DUZYZBG (Fresh Step Litter Box Attractant Powder to Aid in Training, 9 Ounces)",[],True,True,True,False,Litter Accessories,13919.0,B01DUZYZBG,2025-12-01,101.93,126.38,29.0,7665.0,12.0
In Stock,ACTIVE,0.435,777.0,11.1,70.0,161.0,3.0,0.0,True,,4.1,4674.0,10.99,0.002075119319360863,0.2,,Fresh Step,3.126,"B01DUZYZBG (Fresh Step Litter Box Attractant Powder to Aid in Training, 9 Ounces)",[],True,True,True,False,Litter Accessories,13991.0,B01DUZYZBG,2025-11-30,31.26,28.5,10.0,4819.0,2.0
In Stock,ACTIVE,0.343,516.0,10.99,47.0,137.0,3.0,0.0,True,,4.1,4674.0,10.99,0.00525164113785558,0.25,,Fresh Step,3.3275,"B01DUZYZBG (Fresh Step Litter Box Attractant Powder to Aid in Training, 9 Ounces)",[],True,True,True,False,Litter Accessories,14044.0,B01DUZYZBG,2025-11-29,39.93,32.97,12.0,2285.0,3.0
In Stock,ACTIVE,0.457,648.0,10.99,59.0,129.0,3.0,0.0,True,,4.1,4671.0,10.99,0.002396548969483943,0.4666666666666667,,Fresh Step,3.151333333333334,"B01DUZYZBG (Fresh Step Litter Box Attractant Powder to Aid in Training, 9 Ounces)",[],True,True,True,False,Litter Accessories,14098.0,B01DUZYZBG,2025-11-28,47.27,83.34,15.0,6259.0,7.0
In Stock,ACTIVE,0.433,462.0,10.99,42.0,97.0,3.0,0.0,True,,4.1,4671.0,10.99,0.002411252511721366,0.2777777777777778,,Fresh Step,3.434444444444444,"B01DUZYZBG (Fresh Step Litter Box Attractant Powder to Aid in Training, 9 Ounces)",[],True,True,True,False,Litter Accessories,14161.0,B01DUZYZBG,2025-11-27,61.82,54.94,18.0,7465.0,5.0
In Stock,ACTIVE,0.364,560.0,10.99,51.0,140.0,3.0,0.0,True,,4.1,4671.0,10.99,0.00436817472698908,0.5,,Fresh Step,3.555,"B01DUZYZBG (Fresh Step Litter Box Attractant Powder to Aid in Training, 9 Ounces)",[],True,True,True,False,Litter Accessories,14172.0,B01DUZYZBG,2025-11-26,49.77,83.84,14.0,3205.0,7.0
In Stock,ACTIVE,0.4320000000000001,769.0,10.99,70.0,162.0,3.0,0.0,True,,4.1,4669.0,10.99,0.005433045701502077,0.2941176470588235,,Fresh Step,3.448823529411765,"B01DUZYZBG (Fresh Step Litter Box Attractant Powder to Aid in Training, 9 Ounces)",[],True,True,True,False,Litter Accessories,14230.0,B01DUZYZBG,2025-11-25,58.63,62.21,17.0,3129.0,5.0
In Stock,ACTIVE,0.4320000000000001,692.0,10.99,63.0,146.0,3.0,0.0,True,,4.1,4669.0,10.99,0.002420051858254105,0.2857142857142857,,Fresh Step,3.505714285714286,"B01DUZYZBG (Fresh Step Litter Box Attractant Powder to Aid in Training, 9 Ounces)",[],True,True,True,False,Litter Accessories,14302.0,B01DUZYZBG,2025-11-24,49.08,43.46,14.0,5785.0,4.0
In Stock,ACTIVE,0.376,769.0,10.99,70.0,186.0,3.0,0.0,True,,4.1,4666.0,10.99,0.002384048547897703,0.303030303030303,,Fresh Step,3.205151515151515,"B01DUZYZBG (Fresh Step Litter Box Attractant Powder to Aid in Training, 9 Ounces)",[],True,True,True,False,Litter Accessories,14288.0,B01DUZYZBG,2025-11-23,105.77,100.5,33.0,13842.0,10.0
In Stock,ACTIVE,0.45,747.0,10.99,68.0,151.0,3.0,0.0,True,,4.1,4666.0,10.99,0.0008865248226950354,0.4166666666666667,,Fresh Step,3.214166666666667,"B01DUZYZBG (Fresh Step Litter Box Attractant Powder to Aid in Training, 9 Ounces)",[],True,True,True,False,Litter Accessories,14351.0,B01DUZYZBG,2025-11-22,38.57,76.35,12.0,13536.0,5.0
In Stock,ACTIVE,0.341,648.0,10.99,59.0,173.0,3.0,0.0,True,,4.1,4663.0,10.99,0.0006728081979091191,0.2692307692307692,,Fresh Step,3.226538461538461,"B01DUZYZBG (Fresh Step Litter Box Attractant Powder to Aid in Training, 9 Ounces)",[],True,True,True,False,Litter Accessories,14399.0,B01DUZYZBG,2025-11-21,83.89,126.64,26.0,38644.0,7.0
In Stock,ACTIVE,0.5710000000000001,923.0,10.99,84.0,147.0,3.0,0.0,True,,4.1,4658.0,10.99,,,,Fresh Step,,"B01DUZYZBG (Fresh Step Litter Box Attractant Powder to Aid in Training, 9 Ounces)",[],True,True,True,False,Litter Accessories,14464.0,B01DUZYZBG,2025-11-20,,,,,
In Stock,ACTIVE,0.418,616.0,10.99,56.0,134.0,3.0,0.0,True,,4.1,4658.0,10.99,,,,Fresh Step,,"B01DUZYZBG (Fresh Step Litter Box Attractant Powder to Aid in Training, 9 Ounces)",[],True,True,True,False,Litter Accessories,14505.0,B01DUZYZBG,2025-11-19,,,,,
In Stock,ACTIVE,0.525,912.0,10.99,83.0,158.0,3.0,0.0,True,,4.1,4654.0,10.99,,,,Fresh Step,,"B01DUZYZBG (Fresh Step Litter Box Attractant Powder to Aid in Training, 9 Ounces)",[],True,True,True,False,Litter Accessories,14570.0,B01DUZYZBG,2025-11-18,,,,,
In Stock,ACTIVE,0.373,758.0,10.99,69.0,185.0,3.0,0.0,True,,4.1,4653.0,10.99,,,,Fresh Step,,"B01DUZYZBG (Fresh Step Litter Box Attractant Powder to Aid in Training, 9 Ounces)",[],True,True,True,False,Litter Accessories,14647.0,B01DUZYZBG,2025-11-17,,,,,
In Stock,ACTIVE,0.448,898.0,11.08,81.0,181.0,3.0,0.0,True,,4.1,4650.0,10.99,,,,Fresh Step,,"B01DUZYZBG (Fresh Step Litter Box Attractant Powder to Aid in Training, 9 Ounces)",[],True,True,True,False,Litter Accessories,14729.0,B01DUZYZBG,2025-11-16,,,,,
In Stock,ACTIVE,0.381,528.0,10.99,48.0,126.0,3.0,0.0,True,,4.1,4650.0,10.99,,,,Fresh Step,,"B01DUZYZBG (Fresh Step Litter Box Attractant Powder to Aid in Training, 9 Ounces)",[],True,True,True,False,Litter Accessories,14790.0,B01DUZYZBG,2025-11-15,,,,,
In Stock,ACTIVE,0.404,714.0,10.99,65.0,161.0,3.0,0.0,True,,4.1,4650.0,10.99,,,,Fresh Step,,"B01DUZYZBG (Fresh Step Litter Box Attractant Powder to Aid in Training, 9 Ounces)",[],True,True,True,False,Litter Accessories,14832.0,B01DUZYZBG,2025-11-14,,,,,
In Stock,ACTIVE,0.343,670.0,10.99,61.0,178.0,3.0,0.0,True,,4.1,4650.0,10.99,,,,Fresh Step,,"B01DUZYZBG (Fresh Step Litter Box Attractant Powder to Aid in Training, 9 Ounces)",[],True,True,True,True,Litter Accessories,14899.0,B01DUZYZBG,2025-11-13,,,,,
In Stock,ACTIVE,0.346,868.0,10.99,79.0,228.0,3.0,0.0,True,,4.1,4647.0,10.99,,,,Fresh Step,,"B01DUZYZBG (Fresh Step Litter Box Attractant Powder to Aid in Training, 9 Ounces)",[],True,True,True,True,Litter Accessories,14836.0,B01DUZYZBG,2025-11-12,,,,,
In Stock,ACTIVE,0.381,912.0,10.99,83.0,218.0,3.0,0.0,True,,4.0,4644.0,10.99,,,,Fresh Step,,"B01DUZYZBG (Fresh Step Litter Box Attractant Powder to Aid in Training, 9 Ounces)",[],True,True,True,True,Litter Accessories,14904.0,B01DUZYZBG,2025-11-11,,,,,
In Stock,ACTIVE,0.33,791.0,10.99,72.0,218.0,3.0,0.0,True,,4.0,4643.0,10.99,,,,Fresh Step,,"B01DUZYZBG (Fresh Step Litter Box Attractant Powder to Aid in Training, 9 Ounces)",[],True,True,True,True,Litter Accessories,14990.0,B01DUZYZBG,2025-11-10,,,,,
In Stock,ACTIVE,0.374,967.0,10.99,88.0,235.0,3.0,0.0,True,,4.0,4641.0,10.99,,,,Fresh Step,,"B01DUZYZBG (Fresh Step Litter Box Attractant Powder to Aid in Training, 9 Ounces)",[],True,True,True,True,Litter Accessories,15056.0,B01DUZYZBG,2025-11-09,,,,,
In Stock,ACTIVE,0.286,670.0,10.99,61.0,213.0,3.0,0.0,True,,4.0,4639.0,10.99,,,,Fresh Step,,"B01DUZYZBG (Fresh Step Litter Box Attractant Powder to Aid in Training, 9 Ounces)",[],True,False,True,True,Litter Accessories,15127.0,B01DUZYZBG,2025-11-08,,,,,
In Stock,ACTIVE,0.397,1121.0,10.99,102.0,257.0,3.0,0.0,True,,4.0,4637.0,10.99,,,,Fresh Step,,"B01DUZYZBG (Fresh Step Litter Box Attractant Powder to Aid in Training, 9 Ounces)",[],True,True,True,False,Litter Accessories,15325.0,B01DUZYZBG,2025-11-07,,,,,
Not Buyable,ACTIVE,0.346,799.0,11.09,72.0,208.0,,,False,,,,,,,,Fresh Step,,"B01DUZYZBG (Fresh Step Litter Box Attractant Powder to Aid in Training, 9 Ounces)",[],False,False,False,False,Litter Accessories,15456.0,B01DUZYZBG,2025-11-06,,,,,
In Stock,ACTIVE,0.358,890.0,10.99,81.0,226.0,3.0,0.0,True,,4.0,4634.0,10.99,,,,Fresh Step,,"B01DUZYZBG (Fresh Step Litter Box Attractant Powder to Aid in Training, 9 Ounces)",[],True,True,True,False,Litter Accessories,15531.0,B01DUZYZBG,2025-11-05,,,,,
In Stock,ACTIVE,0.489,1220.0,10.99,111.0,227.0,3.0,0.0,True,,4.0,4634.0,10.99,,,,Fresh Step,,"B01DUZYZBG (Fresh Step Litter Box Attractant Powder to Aid in Training, 9 Ounces)",[],True,True,True,False,Litter Accessories,15618.0,B01DUZYZBG,2025-11-04,,,,,
In Stock,ACTIVE,0.413,1044.0,10.99,95.0,230.0,3.0,0.0,True,,4.0,4631.0,10.99,,,,Fresh Step,,"B01DUZYZBG (Fresh Step Litter Box Attractant Powder to Aid in Training, 9 Ounces)",[],True,False,True,False,Litter Accessories,15733.0,B01DUZYZBG,2025-11-03,,,,,
In Stock,ACTIVE,0.417,942.0,11.08,85.0,204.0,3.0,0.0,True,,4.0,4629.0,10.99,,,,Fresh Step,,"B01DUZYZBG (Fresh Step Litter Box Attractant Powder to Aid in Training, 9 Ounces)",[],True,True,True,False,Litter Accessories,15877.0,B01DUZYZBG,2025-11-02,,,,,
In Stock,ACTIVE,0.436,857.0,10.99,78.0,179.0,3.0,0.0,True,,4.0,4629.0,10.99,,,,Fresh Step,,"B01DUZYZBG (Fresh Step Litter Box Attractant Powder to Aid in Training, 9 Ounces)",[],True,True,True,False,Litter Accessories,15899.0,B01DUZYZBG,2025-11-01,,,,,
In Stock,ACTIVE,0.396,714.0,10.99,65.0,164.0,3.0,0.0,True,,4.0,4629.0,10.99,,,,Fresh Step,,"B01DUZYZBG (Fresh Step Litter Box Attractant Powder to Aid in Training, 9 Ounces)",[],True,True,True,False,Litter Accessories,15985.0,B01DUZYZBG,2025-10-31,,,,,
In Stock,ACTIVE,0.452,942.0,11.08,85.0,188.0,3.0,0.0,True,,4.0,4626.0,10.99,,,,Fresh Step,,"B01DUZYZBG (Fresh Step Litter Box Attractant Powder to Aid in Training, 9 Ounces)",[],True,True,True,False,Litter Accessories,16019.0,B01DUZYZBG,2025-10-30,,,,,
In Stock,ACTIVE,0.479,1022.0,10.99,93.0,194.0,3.0,0.0,True,,4.0,4625.0,10.99,,,,Fresh Step,,"B01DUZYZBG (Fresh Step Litter Box Attractant Powder to Aid in Training, 9 Ounces)",[],True,True,True,False,Litter Accessories,16074.0,B01DUZYZBG,2025-10-29,,,,,
In Stock,ACTIVE,0.46,1132.0,10.99,103.0,224.0,3.0,0.0,True,,4.0,4624.0,10.99,,,,Fresh Step,,"B01DUZYZBG (Fresh Step Litter Box Attractant Powder to Aid in Training, 9 Ounces)",[],True,True,True,False,Litter Accessories,15028.0,B01DUZYZBG,2025-10-28,,,,,
In Stock,ACTIVE,0.452,1044.0,10.99,95.0,210.0,3.0,0.0,True,,4.0,4621.0,10.99,,,,Fresh Step,,"B01DUZYZBG (Fresh Step Litter Box Attractant Powder to Aid in Training, 9 Ounces)",[],True,True,True,False,Litter Accessories,14214.0,B01DUZYZBG,2025-10-27,,,,,
In Stock,ACTIVE,0.502,1341.0,10.99,122.0,243.0,3.0,0.0,True,,4.0,4617.0,10.99,,,,Fresh Step,,"B01DUZYZBG (Fresh Step Litter Box Attractant Powder to Aid in Training, 9 Ounces)",[],True,True,True,False,Litter Accessories,12550.0,B01DUZYZBG,2025-10-26,,,,,
In Stock,ACTIVE,0.361,850.0,10.89,78.0,216.0,3.0,0.0,True,,4.0,4615.0,10.99,,,,Fresh Step,,"B01DUZYZBG (Fresh Step Litter Box Attractant Powder to Aid in Training, 9 Ounces)",[],True,True,True,False,Litter Accessories,12272.0,B01DUZYZBG,2025-10-25,,,,,
In Stock,ACTIVE,0.5,1070.0,11.15,96.0,192.0,3.0,0.0,True,,4.0,4612.0,10.99,,,,Fresh Step,,"B01DUZYZBG (Fresh Step Litter Box Attractant Powder to Aid in Training, 9 Ounces)",[],True,True,True,False,Litter Accessories,6318.0,B01DUZYZBG,2025-10-24,,,,,
In Stock,ACTIVE,0.512,1198.0,10.99,109.0,213.0,3.0,0.0,True,,4.0,4612.0,10.99,,,,Fresh Step,,"B01DUZYZBG (Fresh Step Litter Box Attractant Powder to Aid in Training, 9 Ounces)",[],True,True,True,False,Litter Accessories,5959.0,B01DUZYZBG,2025-10-23,,,,,
In Stock,ACTIVE,0.475,1335.0,11.03,121.0,255.0,3.0,0.0,True,,4.0,4612.0,10.99,,,,Fresh Step,,"B01DUZYZBG (Fresh Step Litter Box Attractant Powder to Aid in Training, 9 Ounces)",[],True,True,True,True,Litter Accessories,4913.0,B01DUZYZBG,2025-10-22,,,,,
In Stock,ACTIVE,0.4370000000000001,945.0,10.99,86.0,197.0,3.0,0.0,True,,4.0,4607.0,10.99,,,,Fresh Step,,"B01DUZYZBG (Fresh Step Litter Box Attractant Powder to Aid in Training, 9 Ounces)",[],True,True,True,True,Litter Accessories,4467.0,B01DUZYZBG,2025-10-21,,,,,
In Stock,ACTIVE,0.465,811.0,11.27,72.0,155.0,3.0,0.0,True,,4.0,4607.0,10.99,,,,Fresh Step,,"B01DUZYZBG (Fresh Step Litter Box Attractant Powder to Aid in Training, 9 Ounces)",[],True,True,True,False,Litter Accessories,3796.0,B01DUZYZBG,2025-10-20,,,,,
In Stock,ACTIVE,0.514,1253.0,10.99,114.0,222.0,3.0,0.0,True,,4.0,4607.0,10.99,,,,Fresh Step,,"B01DUZYZBG (Fresh Step Litter Box Attractant Powder to Aid in Training, 9 Ounces)",[],True,False,True,False,Litter Accessories,3602.0,B01DUZYZBG,2025-10-19,,,,,
In Stock,ACTIVE,0.466,989.0,10.99,90.0,193.0,3.0,0.0,True,,4.0,4606.0,10.99,,,,Fresh Step,,"B01DUZYZBG (Fresh Step Litter Box Attractant Powder to Aid in Training, 9 Ounces)",[],True,True,True,False,Litter Accessories,3681.0,B01DUZYZBG,2025-10-18,,,,,
In Stock,ACTIVE,0.621,1099.0,10.99,100.0,161.0,3.0,0.0,True,,4.0,4604.0,10.99,,,,Fresh Step,,"B01DUZYZBG (Fresh Step Litter Box Attractant Powder to Aid in Training, 9 Ounces)",[],True,True,True,False,Litter Accessories,3965.0,B01DUZYZBG,2025-10-17,,,,,
In Stock,ACTIVE,0.439,989.0,10.99,90.0,205.0,3.0,0.0,True,,4.0,4600.0,10.99,,,,Fresh Step,,"B01DUZYZBG (Fresh Step Litter Box Attractant Powder to Aid in Training, 9 Ounces)",[],True,True,True,False,Litter Accessories,12331.0,B01DUZYZBG,2025-10-16,,,,,
In Stock,ACTIVE,0.46,1205.0,11.06,109.0,237.0,3.0,0.0,True,,4.0,4597.0,10.99,,,,Fresh Step,,"B01DUZYZBG (Fresh Step Litter Box Attractant Powder to Aid in Training, 9 Ounces)",[],True,True,True,False,Litter Accessories,9201.0,B01DUZYZBG,2025-10-15,,,,,
In Stock,ACTIVE,0.551,1128.0,11.06,102.0,185.0,3.0,0.0,True,,4.0,4596.0,10.99,,,,Fresh Step,,"B01DUZYZBG (Fresh Step Litter Box Attractant Powder to Aid in Training, 9 Ounces)",[],True,True,True,False,Litter Accessories,3656.0,B01DUZYZBG,2025-10-14,,,,,
In Stock,ACTIVE,0.5770000000000001,1161.0,11.06,105.0,182.0,3.0,0.0,True,,4.0,4596.0,10.99,,,,Fresh Step,,"B01DUZYZBG (Fresh Step Litter Box Attractant Powder to Aid in Training, 9 Ounces)",[],True,True,True,False,Litter Accessories,3722.0,B01DUZYZBG,2025-10-13,,,,,
In Stock,ACTIVE,0.54,1253.0,10.99,114.0,211.0,3.0,0.0,True,,4.0,4595.0,10.99,,,,Fresh Step,,"B01DUZYZBG (Fresh Step Litter Box Attractant Powder to Aid in Training, 9 Ounces)",[],True,True,True,False,Litter Accessories,3896.0,B01DUZYZBG,2025-10-12,,,,,
In Stock,ACTIVE,0.462,863.0,11.07,78.0,169.0,3.0,0.0,True,,4.0,4594.0,10.99,,,,Fresh Step,,"B01DUZYZBG (Fresh Step Litter Box Attractant Powder to Aid in Training, 9 Ounces)",[],True,True,True,False,Litter Accessories,3937.0,B01DUZYZBG,2025-10-11,,,,,
In Stock,ACTIVE,0.489,1176.0,10.99,107.0,219.0,3.0,0.0,True,,4.0,4592.0,10.99,,,,Fresh Step,,"B01DUZYZBG (Fresh Step Litter Box Attractant Powder to Aid in Training, 9 Ounces)",[],True,True,True,False,Litter Accessories,4029.0,B01DUZYZBG,2025-10-10,,,,,
In Stock,ACTIVE,0.5,988.0,10.98,90.0,180.0,3.0,0.0,True,,4.0,4591.0,10.99,,,,Fresh Step,,"B01DUZYZBG (Fresh Step Litter Box Attractant Powder to Aid in Training, 9 Ounces)",[],True,True,True,False,Litter Accessories,4073.0,B01DUZYZBG,2025-10-09,,,,,
In Stock,ACTIVE,0.722,1652.0,10.94,151.0,209.0,3.0,0.0,True,,4.0,4590.0,10.99,,,,Fresh Step,,"B01DUZYZBG (Fresh Step Litter Box Attractant Powder to Aid in Training, 9 Ounces)",[],True,True,True,False,Litter Accessories,4127.0,B01DUZYZBG,2025-10-08,,,,,
In Stock,ACTIVE,0.5479999999999999,1560.0,10.98,142.0,259.0,3.0,0.0,True,,4.0,4589.0,10.99,,,,Fresh Step,,"B01DUZYZBG (Fresh Step Litter Box Attractant Powder to Aid in Training, 9 Ounces)",[],True,True,True,False,Litter Accessories,4248.0,B01DUZYZBG,2025-10-07,,,,,
In Stock,ACTIVE,0.473,1231.0,10.99,112.0,237.0,3.0,0.0,True,,4.0,4589.0,10.99,,,,Fresh Step,,"B01DUZYZBG (Fresh Step Litter Box Attractant Powder to Aid in Training, 9 Ounces)",[],True,True,True,False,Litter Accessories,4307.0,B01DUZYZBG,2025-10-06,,,,,
In Stock,ACTIVE,0.519,1364.0,11.0,124.0,239.0,3.0,0.0,True,,4.0,4589.0,10.99,,,,Fresh Step,,"B01DUZYZBG (Fresh Step Litter Box Attractant Powder to Aid in Training, 9 Ounces)",[],True,True,True,False,Litter Accessories,4377.0,B01DUZYZBG,2025-10-05,,,,,
In Stock,ACTIVE,0.522,1175.0,10.98,107.0,205.0,3.0,0.0,True,,4.0,4584.0,10.99,,,,Fresh Step,,"B01DUZYZBG (Fresh Step Litter Box Attractant Powder to Aid in Training, 9 Ounces)",[],True,True,True,False,Litter Accessories,4482.0,B01DUZYZBG,2025-10-04,,,,,
In Stock,ACTIVE,0.476,1000.0,10.99,91.0,191.0,3.0,0.0,True,,4.0,4582.0,10.99,,,,Fresh Step,,"B01DUZYZBG (Fresh Step Litter Box Attractant Powder to Aid in Training, 9 Ounces)",[],True,True,True,False,Litter Accessories,4502.0,B01DUZYZBG,2025-10-03,,,,,
In Stock,ACTIVE,0.528,1326.0,10.95,121.0,229.0,3.0,0.0,True,,4.0,4581.0,10.99,,,,Fresh Step,,"B01DUZYZBG (Fresh Step Litter Box Attractant Powder to Aid in Training, 9 Ounces)",[],True,True,True,False,Litter Accessories,4573.0,B01DUZYZBG,2025-10-02,,,,,
In Stock,ACTIVE,0.474,1185.0,10.97,108.0,228.0,3.0,0.0,True,,4.0,4582.0,10.99,,,,Fresh Step,,"B01DUZYZBG (Fresh Step Litter Box Attractant Powder to Aid in Training, 9 Ounces)",[],True,True,True,False,Litter Accessories,4661.0,B01DUZYZBG,2025-10-01,,,,,
In Stock,ACTIVE,0.523,1357.0,11.03,123.0,235.0,3.0,0.0,True,,4.0,4582.0,10.99,,,,Fresh Step,,"B01DUZYZBG (Fresh Step Litter Box Attractant Powder to Aid in Training, 9 Ounces)",[],True,True,True,False,Litter Accessories,4617.0,B01DUZYZBG,2025-09-30,,,,,
In Stock,ACTIVE,0.488,1127.0,10.94,103.0,211.0,3.0,0.0,True,,4.0,4578.0,10.99,,,,Fresh Step,,"B01DUZYZBG (Fresh Step Litter Box Attractant Powder to Aid in Training, 9 Ounces)",[],True,True,True,False,Litter Accessories,4716.0,B01DUZYZBG,2025-09-29,,,,,
In Stock,ACTIVE,0.588,1110.0,11.1,100.0,170.0,3.0,0.0,True,,4.0,4578.0,10.99,,,,Fresh Step,,"B01DUZYZBG (Fresh Step Litter Box Attractant Powder to Aid in Training, 9 Ounces)",[],True,True,True,False,Litter Accessories,4650.0,B01DUZYZBG,2025-09-28,,,,,
In Stock,ACTIVE,0.493,1126.0,10.82,104.0,211.0,3.0,0.0,True,,4.0,4578.0,9.92,,,,Fresh Step,,"B01DUZYZBG (Fresh Step Litter Box Attractant Powder to Aid in Training, 9 Ounces)",[],True,True,True,False,Litter Accessories,4669.0,B01DUZYZBG,2025-09-27,,,,,
In Stock,ACTIVE,0.6,1101.0,9.92,111.0,185.0,3.0,0.0,True,,4.0,4578.0,9.92,,,,Fresh Step,,"B01DUZYZBG (Fresh Step Litter Box Attractant Powder to Aid in Training, 9 Ounces)",[],True,True,True,False,Litter Accessories,4812.0,B01DUZYZBG,2025-09-26,,,,,
In Stock,ACTIVE,0.504,1230.0,9.92,124.0,246.0,3.0,0.0,True,,4.0,4573.0,9.92,,,,Fresh Step,,"B01DUZYZBG (Fresh Step Litter Box Attractant Powder to Aid in Training, 9 Ounces)",[],True,True,True,False,Litter Accessories,5022.0,B01DUZYZBG,2025-09-25,,,,,
In Stock,ACTIVE,0.5670000000000001,1220.0,10.0,122.0,215.0,3.0,0.0,True,,4.0,4572.0,9.92,,,,Fresh Step,,"B01DUZYZBG (Fresh Step Litter Box Attractant Powder to Aid in Training, 9 Ounces)",[],True,True,True,False,Litter Accessories,4782.0,B01DUZYZBG,2025-09-24,,,,,
In Stock,ACTIVE,0.525,1269.0,9.92,128.0,244.0,3.0,0.0,True,,4.0,4570.0,9.92,,,,Fresh Step,,"B01DUZYZBG (Fresh Step Litter Box Attractant Powder to Aid in Training, 9 Ounces)",[],True,True,True,False,Litter Accessories,4895.0,B01DUZYZBG,2025-09-23,,,,,
In Stock,ACTIVE,0.575,1304.0,10.03,130.0,226.0,3.0,0.0,True,,4.0,4570.0,9.92,,,,Fresh Step,,"B01DUZYZBG (Fresh Step Litter Box Attractant Powder to Aid in Training, 9 Ounces)",[],True,True,True,False,Litter Accessories,4980.0,B01DUZYZBG,2025-09-22,,,,,
In Stock,ACTIVE,0.521,991.0,10.11,98.0,188.0,3.0,0.0,True,,4.0,4570.0,9.92,,,,Fresh Step,,"B01DUZYZBG (Fresh Step Litter Box Attractant Powder to Aid in Training, 9 Ounces)",[],True,True,True,False,Litter Accessories,5062.0,B01DUZYZBG,2025-09-21,,,,,
In Stock,ACTIVE,0.536,1170.0,9.92,118.0,220.0,3.0,0.0,True,,4.0,4569.0,9.92,,,,Fresh Step,,"B01DUZYZBG (Fresh Step Litter Box Attractant Powder to Aid in Training, 9 Ounces)",[],True,True,True,False,Litter Accessories,5066.0,B01DUZYZBG,2025-09-20,,,,,
In Stock,ACTIVE,0.565,1042.0,9.92,105.0,186.0,3.0,0.0,True,,4.0,4566.0,9.92,,,,Fresh Step,,"B01DUZYZBG (Fresh Step Litter Box Attractant Powder to Aid in Training, 9 Ounces)",[],True,True,True,False,Litter Accessories,5069.0,B01DUZYZBG,2025-09-19,,,,,
In Stock,ACTIVE,0.502,1061.0,9.92,107.0,213.0,3.0,0.0,True,,4.0,4566.0,9.92,,,,Fresh Step,,"B01DUZYZBG (Fresh Step Litter Box Attractant Powder to Aid in Training, 9 Ounces)",[],True,True,True,False,Litter Accessories,5265.0,B01DUZYZBG,2025-09-18,,,,,
In Stock,ACTIVE,0.547,1178.0,10.16,116.0,212.0,3.0,0.0,True,,4.0,4566.0,9.92,,,,Fresh Step,,"B01DUZYZBG (Fresh Step Litter Box Attractant Powder to Aid in Training, 9 Ounces)",[],True,False,True,False,Litter Accessories,5285.0,B01DUZYZBG,2025-09-17,,,,,
In Stock,ACTIVE,0.541,972.0,9.92,98.0,181.0,3.0,0.0,True,,4.0,4566.0,9.92,,,,Fresh Step,,"B01DUZYZBG (Fresh Step Litter Box Attractant Powder to Aid in Training, 9 Ounces)",[],True,False,True,False,Litter Accessories,5420.0,B01DUZYZBG,2025-09-16,,,,,
In Stock,ACTIVE,0.481,1032.0,9.92,104.0,216.0,3.0,0.0,True,,4.0,4565.0,9.92,,,,Fresh Step,,"B01DUZYZBG (Fresh Step Litter Box Attractant Powder to Aid in Training, 9 Ounces)",[],True,False,True,False,Litter Accessories,5297.0,B01DUZYZBG,2025-09-15,,,,,
In Stock,ACTIVE,0.5529999999999999,1249.0,9.99,125.0,226.0,3.0,0.0,True,,4.0,4565.0,9.92,,,,Fresh Step,,"B01DUZYZBG (Fresh Step Litter Box Attractant Powder to Aid in Training, 9 Ounces)",[],True,False,True,False,Litter Accessories,5371.0,B01DUZYZBG,2025-09-14,,,,,
In Stock,ACTIVE,0.61,1042.0,9.92,105.0,172.0,3.0,0.0,True,,4.0,4563.0,9.92,,,,Fresh Step,,"B01DUZYZBG (Fresh Step Litter Box Attractant Powder to Aid in Training, 9 Ounces)",[],True,False,True,False,Litter Accessories,5391.0,B01DUZYZBG,2025-09-13,,,,,
In Stock,ACTIVE,0.5,992.0,9.92,100.0,200.0,3.0,0.0,True,,4.0,4563.0,9.92,,,,Fresh Step,,"B01DUZYZBG (Fresh Step Litter Box Attractant Powder to Aid in Training, 9 Ounces)",[],True,False,True,False,Litter Accessories,5565.0,B01DUZYZBG,2025-09-12,,,,,
In Stock,ACTIVE,0.474,927.0,9.97,93.0,196.0,3.0,0.0,True,,4.0,4562.0,9.92,,,,Fresh Step,,"B01DUZYZBG (Fresh Step Litter Box Attractant Powder to Aid in Training, 9 Ounces)",[],True,False,True,False,Litter Accessories,5591.0,B01DUZYZBG,2025-09-11,,,,,
In Stock,ACTIVE,0.453,971.0,10.01,97.0,214.0,3.0,0.0,True,,4.0,4561.0,9.92,,,,Fresh Step,,"B01DUZYZBG (Fresh Step Litter Box Attractant Powder to Aid in Training, 9 Ounces)",[],True,False,True,False,Litter Accessories,5592.0,B01DUZYZBG,2025-09-10,,,,,
In Stock,ACTIVE,0.595,1013.0,10.13,100.0,168.0,3.0,0.0,True,,4.0,4561.0,9.92,,,,Fresh Step,,"B01DUZYZBG (Fresh Step Litter Box Attractant Powder to Aid in Training, 9 Ounces)",[],True,False,True,False,Litter Accessories,5668.0,B01DUZYZBG,2025-09-09,,,,,
In Stock,ACTIVE,0.5489999999999999,1051.0,9.92,106.0,193.0,3.0,0.0,True,,4.0,4560.0,9.92,,,,Fresh Step,,"B01DUZYZBG (Fresh Step Litter Box Attractant Powder to Aid in Training, 9 Ounces)",[],True,False,True,False,Litter Accessories,5755.0,B01DUZYZBG,2025-09-08,,,,,
In Stock,ACTIVE,0.552,1101.0,9.92,111.0,201.0,3.0,0.0,True,,4.0,4559.0,9.92,,,,Fresh Step,,"B01DUZYZBG (Fresh Step Litter Box Attractant Powder to Aid in Training, 9 Ounces)",[],True,False,True,False,Litter Accessories,5835.0,B01DUZYZBG,2025-09-07,,,,,
In Stock,ACTIVE,0.49,932.0,9.92,94.0,192.0,3.0,0.0,True,,4.0,4559.0,9.92,,,,Fresh Step,,"B01DUZYZBG (Fresh Step Litter Box Attractant Powder to Aid in Training, 9 Ounces)",[],True,False,True,False,Litter Accessories,5942.0,B01DUZYZBG,2025-09-06,,,,,
In Stock,ACTIVE,0.42,913.0,9.92,92.0,219.0,3.0,0.0,True,,4.0,4560.0,9.92,,,,Fresh Step,,"B01DUZYZBG (Fresh Step Litter Box Attractant Powder to Aid in Training, 9 Ounces)",[],True,False,True,False,Litter Accessories,5868.0,B01DUZYZBG,2025-09-05,,,,,
In Stock,ACTIVE,0.379,922.0,10.02,92.0,243.0,3.0,0.0,True,,4.0,4559.0,9.92,,,,Fresh Step,,"B01DUZYZBG (Fresh Step Litter Box Attractant Powder to Aid in Training, 9 Ounces)",[],True,False,True,False,Litter Accessories,5927.0,B01DUZYZBG,2025-09-04,,,,,
In Stock,ACTIVE,0.46,1041.0,10.01,104.0,226.0,3.0,0.0,True,,4.0,4559.0,9.92,,,,Fresh Step,,"B01DUZYZBG (Fresh Step Litter Box Attractant Powder to Aid in Training, 9 Ounces)",[],True,False,True,False,Litter Accessories,5977.0,B01DUZYZBG,2025-09-03,,,,,
In Stock,ACTIVE,0.502,1061.0,9.92,107.0,213.0,3.0,0.0,True,,4.0,4558.0,9.92,,,,Fresh Step,,"B01DUZYZBG (Fresh Step Litter Box Attractant Powder to Aid in Training, 9 Ounces)",[],True,False,True,False,Litter Accessories,6200.0,B01DUZYZBG,2025-09-02,,,,,
In Stock,ACTIVE,0.506,1240.0,9.92,125.0,247.0,3.0,0.0,True,,4.0,4557.0,9.92,,,,Fresh Step,,"B01DUZYZBG (Fresh Step Litter Box Attractant Powder to Aid in Training, 9 Ounces)",[],True,False,True,False,Litter Accessories,6169.0,B01DUZYZBG,2025-09-01,,,,,
In Stock,ACTIVE,0.502,1200.0,10.0,120.0,239.0,3.0,0.0,True,,4.0,4557.0,9.92,,,,Fresh Step,,"B01DUZYZBG (Fresh Step Litter Box Attractant Powder to Aid in Training, 9 Ounces)",[],True,False,True,False,Litter Accessories,6285.0,B01DUZYZBG,2025-08-31,,,,,
In Stock,ACTIVE,0.447,952.0,9.92,96.0,215.0,3.0,0.0,True,,4.0,4556.0,9.92,,,,Fresh Step,,"B01DUZYZBG (Fresh Step Litter Box Attractant Powder to Aid in Training, 9 Ounces)",[],True,False,True,False,Litter Accessories,6391.0,B01DUZYZBG,2025-08-30,,,,,
In Stock,ACTIVE,0.459,1052.0,9.92,106.0,231.0,3.0,0.0,True,,4.0,4554.0,9.92,,,,Fresh Step,,"B01DUZYZBG (Fresh Step Litter Box Attractant Powder to Aid in Training, 9 Ounces)",[],True,True,True,False,Litter Accessories,6489.0,B01DUZYZBG,2025-08-29,,,,,
In Stock,ACTIVE,0.3779999999999999,942.0,9.92,95.0,251.0,3.0,0.0,True,,4.0,4551.0,9.92,,,,Fresh Step,,"B01DUZYZBG (Fresh Step Litter Box Attractant Powder to Aid in Training, 9 Ounces)",[],True,True,True,False,Litter Accessories,6599.0,B01DUZYZBG,2025-08-28,,,,,
In Stock,ACTIVE,0.541,1171.0,9.92,118.0,218.0,3.0,0.0,True,,4.0,4550.0,9.92,,,,Fresh Step,,"B01DUZYZBG (Fresh Step Litter Box Attractant Powder to Aid in Training, 9 Ounces)",[],True,True,True,False,Litter Accessories,6729.0,B01DUZYZBG,2025-08-27,,,,,
In Stock,ACTIVE,0.504,1290.0,9.92,130.0,258.0,3.0,0.0,True,,4.0,4549.0,9.92,,,,Fresh Step,,"B01DUZYZBG (Fresh Step Litter Box Attractant Powder to Aid in Training, 9 Ounces)",[],True,True,True,False,Litter Accessories,6805.0,B01DUZYZBG,2025-08-26,,,,,
In Stock,ACTIVE,0.489,1061.0,9.92,107.0,219.0,3.0,0.0,True,,4.0,4547.0,9.92,,,,Fresh Step,,"B01DUZYZBG (Fresh Step Litter Box Attractant Powder to Aid in Training, 9 Ounces)",[],True,True,True,False,Litter Accessories,6883.0,B01DUZYZBG,2025-08-25,,,,,
In Stock,ACTIVE,0.504,1190.0,9.92,120.0,238.0,3.0,0.0,True,,4.0,4545.0,9.92,,,,Fresh Step,,"B01DUZYZBG (Fresh Step Litter Box Attractant Powder to Aid in Training, 9 Ounces)",[],True,True,True,False,Litter Accessories,6978.0,B01DUZYZBG,2025-08-24,,,,,
In Stock,ACTIVE,0.478,1071.0,9.92,108.0,226.0,3.0,0.0,True,,4.0,4545.0,9.92,,,,Fresh Step,,"B01DUZYZBG (Fresh Step Litter Box Attractant Powder to Aid in Training, 9 Ounces)",[],True,True,True,False,Litter Accessories,7090.0,B01DUZYZBG,2025-08-23,,,,,
In Stock,ACTIVE,0.448,954.0,10.04,95.0,212.0,3.0,0.0,True,,4.0,4544.0,9.92,,,,Fresh Step,,"B01DUZYZBG (Fresh Step Litter Box Attractant Powder to Aid in Training, 9 Ounces)",[],True,True,True,False,Litter Accessories,7097.0,B01DUZYZBG,2025-08-22,,,,,
In Stock,ACTIVE,0.4379999999999999,1022.0,9.92,103.0,235.0,3.0,0.0,True,,4.0,4542.0,9.92,,,,Fresh Step,,"B01DUZYZBG (Fresh Step Litter Box Attractant Powder to Aid in Training, 9 Ounces)",[],True,True,True,False,Litter Accessories,7155.0,B01DUZYZBG,2025-08-21,,,,,
In Stock,ACTIVE,0.464,1161.0,9.92,117.0,252.0,3.0,0.0,True,,4.0,4541.0,9.92,,,,Fresh Step,,"B01DUZYZBG (Fresh Step Litter Box Attractant Powder to Aid in Training, 9 Ounces)",[],True,True,True,False,Litter Accessories,7222.0,B01DUZYZBG,2025-08-20,,,,,
In Stock,ACTIVE,0.45,1161.0,9.92,117.0,260.0,3.0,0.0,True,,4.0,4540.0,9.92,,,,Fresh Step,,"B01DUZYZBG (Fresh Step Litter Box Attractant Powder to Aid in Training, 9 Ounces)",[],True,True,True,False,Litter Accessories,7301.0,B01DUZYZBG,2025-08-19,,,,,
In Stock,ACTIVE,0.475,1162.0,10.02,116.0,244.0,3.0,0.0,True,,4.0,4539.0,9.92,,,,Fresh Step,,"B01DUZYZBG (Fresh Step Litter Box Attractant Powder to Aid in Training, 9 Ounces)",[],True,True,True,False,Litter Accessories,7535.0,B01DUZYZBG,2025-08-18,,,,,
In Stock,ACTIVE,0.466,1161.0,9.92,117.0,251.0,3.0,0.0,True,,4.0,4539.0,9.92,,,,Fresh Step,,"B01DUZYZBG (Fresh Step Litter Box Attractant Powder to Aid in Training, 9 Ounces)",[],True,True,True,False,Litter Accessories,7670.0,B01DUZYZBG,2025-08-17,,,,,
In Stock,ACTIVE,0.429,1071.0,9.92,108.0,252.0,3.0,0.0,True,,4.0,4537.0,9.92,,,,Fresh Step,,"B01DUZYZBG (Fresh Step Litter Box Attractant Powder to Aid in Training, 9 Ounces)",[],True,True,True,False,Litter Accessories,7527.0,B01DUZYZBG,2025-08-16,,,,,
In Stock,ACTIVE,0.492,894.0,10.05,89.0,181.0,3.0,0.0,True,,4.0,4537.0,9.92,,,,Fresh Step,,"B01DUZYZBG (Fresh Step Litter Box Attractant Powder to Aid in Training, 9 Ounces)",[],True,True,True,False,Litter Accessories,7562.0,B01DUZYZBG,2025-08-15,,,,,
In Stock,ACTIVE,0.495,1006.0,9.86,102.0,206.0,3.0,0.0,True,,4.0,4534.0,9.92,,,,Fresh Step,,"B01DUZYZBG (Fresh Step Litter Box Attractant Powder to Aid in Training, 9 Ounces)",[],True,True,True,False,Litter Accessories,7590.0,B01DUZYZBG,2025-08-14,,,,,
In Stock,ACTIVE,0.458,959.0,9.89,97.0,212.0,3.0,0.0,True,,4.0,4533.0,9.92,,,,Fresh Step,,"B01DUZYZBG (Fresh Step Litter Box Attractant Powder to Aid in Training, 9 Ounces)",[],True,True,True,False,Litter Accessories,7643.0,B01DUZYZBG,2025-08-13,,,,,
In Stock,ACTIVE,0.535,1197.0,9.9,121.0,226.0,3.0,0.0,True,,4.0,4531.0,9.92,,,,Fresh Step,,"B01DUZYZBG (Fresh Step Litter Box Attractant Powder to Aid in Training, 9 Ounces)",[],True,True,True,False,Litter Accessories,7813.0,B01DUZYZBG,2025-08-12,,,,,
In Stock,ACTIVE,0.593,1200.0,9.92,121.0,204.0,3.0,0.0,True,,4.0,4530.0,9.92,,,,Fresh Step,,"B01DUZYZBG (Fresh Step Litter Box Attractant Powder to Aid in Training, 9 Ounces)",[],True,True,True,False,Litter Accessories,8017.0,B01DUZYZBG,2025-08-11,,,,,
In Stock,ACTIVE,0.467,1132.0,10.02,113.0,242.0,3.0,0.0,True,,4.0,4527.0,9.92,,,,Fresh Step,,"B01DUZYZBG (Fresh Step Litter Box Attractant Powder to Aid in Training, 9 Ounces)",[],True,True,True,False,Litter Accessories,7996.0,B01DUZYZBG,2025-08-10,,,,,
In Stock,ACTIVE,0.4379999999999999,952.0,9.92,96.0,219.0,3.0,0.0,True,,4.0,4525.0,9.92,,,,Fresh Step,,"B01DUZYZBG (Fresh Step Litter Box Attractant Powder to Aid in Training, 9 Ounces)",[],True,True,True,False,Litter Accessories,8074.0,B01DUZYZBG,2025-08-09,,,,,
In Stock,ACTIVE,0.492,903.0,9.92,91.0,185.0,3.0,0.0,True,,4.0,4523.0,9.92,,,,Fresh Step,,"B01DUZYZBG (Fresh Step Litter Box Attractant Powder to Aid in Training, 9 Ounces)",[],True,True,True,False,Litter Accessories,8049.0,B01DUZYZBG,2025-08-08,,,,,
In Stock,ACTIVE,0.54,1142.0,10.02,114.0,211.0,3.0,0.0,True,,4.0,4523.0,9.92,,,,Fresh Step,,"B01DUZYZBG (Fresh Step Litter Box Attractant Powder to Aid in Training, 9 Ounces)",[],True,True,True,False,Litter Accessories,8089.0,B01DUZYZBG,2025-08-07,,,,,
In Stock,ACTIVE,0.456,1141.0,9.92,115.0,252.0,3.0,0.0,True,,4.0,4522.0,9.92,,,,Fresh Step,,"B01DUZYZBG (Fresh Step Litter Box Attractant Powder to Aid in Training, 9 Ounces)",[],True,True,True,False,Litter Accessories,8164.0,B01DUZYZBG,2025-08-06,,,,,
In Stock,ACTIVE,0.4320000000000001,1171.0,9.92,118.0,273.0,3.0,0.0,True,,4.0,4521.0,9.92,,,,Fresh Step,,"B01DUZYZBG (Fresh Step Litter Box Attractant Powder to Aid in Training, 9 Ounces)",[],True,True,True,False,Litter Accessories,8135.0,B01DUZYZBG,2025-08-05,,,,,
In Stock,ACTIVE,0.475,1141.0,9.92,115.0,242.0,3.0,0.0,True,,4.0,4520.0,9.92,,,,Fresh Step,,"B01DUZYZBG (Fresh Step Litter Box Attractant Powder to Aid in Training, 9 Ounces)",[],True,True,True,False,Litter Accessories,8240.0,B01DUZYZBG,2025-08-04,,,,,
In Stock,ACTIVE,0.535,1071.0,9.92,108.0,202.0,3.0,0.0,True,,4.0,4519.0,9.92,,,,Fresh Step,,"B01DUZYZBG (Fresh Step Litter Box Attractant Powder to Aid in Training, 9 Ounces)",[],True,True,True,False,Litter Accessories,8406.0,B01DUZYZBG,2025-08-03,,,,,
In Stock,ACTIVE,0.495,972.0,9.92,98.0,198.0,3.0,0.0,True,,4.0,4518.0,9.92,,,,Fresh Step,,"B01DUZYZBG (Fresh Step Litter Box Attractant Powder to Aid in Training, 9 Ounces)",[],True,True,True,False,Litter Accessories,8504.0,B01DUZYZBG,2025-08-02,,,,,
In Stock,ACTIVE,0.498,1013.0,9.93,102.0,205.0,3.0,0.0,True,,4.0,4516.0,9.92,,,,Fresh Step,,"B01DUZYZBG (Fresh Step Litter Box Attractant Powder to Aid in Training, 9 Ounces)",[],True,True,True,False,Litter Accessories,8488.0,B01DUZYZBG,2025-08-01,,,,,
In Stock,ACTIVE,0.516,1115.0,10.05,111.0,215.0,6.0,0.0,True,,4.0,4511.0,9.92,,,,Fresh Step,,"B01DUZYZBG (Fresh Step Litter Box Attractant Powder to Aid in Training, 9 Ounces)",[],True,True,True,False,Litter Accessories,8589.0,B01DUZYZBG,2025-07-31,,,,,
In Stock,ACTIVE,0.493,1051.0,9.92,106.0,215.0,3.0,0.0,True,,4.0,4511.0,9.92,,,,Fresh Step,,"B01DUZYZBG (Fresh Step Litter Box Attractant Powder to Aid in Training, 9 Ounces)",[],True,True,True,False,Litter Accessories,8667.0,B01DUZYZBG,2025-07-30,,,,,
In Stock,ACTIVE,0.545,968.0,9.98,97.0,178.0,0.0,0.0,True,,4.0,4511.0,9.92,,,,Fresh Step,,"B01DUZYZBG (Fresh Step Litter Box Attractant Powder to Aid in Training, 9 Ounces)",[],True,True,True,False,Litter Accessories,8657.0,B01DUZYZBG,2025-07-29,,,,,
In Stock,ACTIVE,0.473,873.0,9.92,88.0,186.0,0.0,0.0,True,,4.0,4511.0,9.92,,,,Fresh Step,,"B01DUZYZBG (Fresh Step Litter Box Attractant Powder to Aid in Training, 9 Ounces)",[],True,True,True,False,Litter Accessories,8717.0,B01DUZYZBG,2025-07-28,,,,,
In Stock,ACTIVE,0.539,956.0,9.96,96.0,178.0,0.0,0.0,True,,4.0,4508.0,9.92,,,,Fresh Step,,"B01DUZYZBG (Fresh Step Litter Box Attractant Powder to Aid in Training, 9 Ounces)",[],True,True,True,False,Litter Accessories,8780.0,B01DUZYZBG,2025-07-27,,,,,
In Stock,ACTIVE,0.59,1095.0,9.87,111.0,188.0,0.0,0.0,True,,4.0,4507.0,9.92,,,,Fresh Step,,"B01DUZYZBG (Fresh Step Litter Box Attractant Powder to Aid in Training, 9 Ounces)",[],True,True,True,False,Litter Accessories,8819.0,B01DUZYZBG,2025-07-26,,,,,
In Stock,ACTIVE,0.5710000000000001,1049.0,9.99,105.0,184.0,0.0,0.0,True,,4.0,4504.0,9.92,,,,Fresh Step,,"B01DUZYZBG (Fresh Step Litter Box Attractant Powder to Aid in Training, 9 Ounces)",[],True,True,True,False,Litter Accessories,9023.0,B01DUZYZBG,2025-07-25,,,,,
In Stock,ACTIVE,0.52,922.0,9.92,93.0,179.0,0.0,0.0,True,,4.0,4501.0,9.92,,,,Fresh Step,,"B01DUZYZBG (Fresh Step Litter Box Attractant Powder to Aid in Training, 9 Ounces)",[],True,True,True,False,Litter Accessories,8914.0,B01DUZYZBG,2025-07-24,,,,,
In Stock,ACTIVE,0.5479999999999999,1249.0,9.99,125.0,228.0,0.0,0.0,True,,4.0,4501.0,9.92,,,,Fresh Step,,"B01DUZYZBG (Fresh Step Litter Box Attractant Powder to Aid in Training, 9 Ounces)",[],True,True,True,False,Litter Accessories,8955.0,B01DUZYZBG,2025-07-23,,,,,
In Stock,ACTIVE,0.407,972.0,9.92,98.0,241.0,0.0,0.0,True,,4.0,4499.0,9.92,,,,Fresh Step,,"B01DUZYZBG (Fresh Step Litter Box Attractant Powder to Aid in Training, 9 Ounces)",[],True,True,True,False,Litter Accessories,9109.0,B01DUZYZBG,2025-07-22,,,,,
In Stock,ACTIVE,0.526,1194.0,9.95,120.0,228.0,0.0,0.0,True,,4.0,4498.0,9.92,,,,Fresh Step,,"B01DUZYZBG (Fresh Step Litter Box Attractant Powder to Aid in Training, 9 Ounces)",[],True,True,True,False,Litter Accessories,9014.0,B01DUZYZBG,2025-07-21,,,,,
In Stock,ACTIVE,0.48,942.0,9.92,95.0,198.0,0.0,0.0,True,,4.0,4496.0,9.92,,,,Fresh Step,,"B01DUZYZBG (Fresh Step Litter Box Attractant Powder to Aid in Training, 9 Ounces)",[],True,True,True,False,Litter Accessories,9190.0,B01DUZYZBG,2025-07-20,,,,,
In Stock,ACTIVE,0.4970000000000001,863.0,9.92,87.0,175.0,0.0,0.0,True,,4.0,4494.0,9.92,,,,Fresh Step,,"B01DUZYZBG (Fresh Step Litter Box Attractant Powder to Aid in Training, 9 Ounces)",[],True,True,True,False,Litter Accessories,9165.0,B01DUZYZBG,2025-07-19,,,,,
In Stock,ACTIVE,0.518,1002.0,9.92,101.0,195.0,0.0,0.0,True,,4.0,4492.0,9.92,,,,Fresh Step,,"B01DUZYZBG (Fresh Step Litter Box Attractant Powder to Aid in Training, 9 Ounces)",[],True,True,True,False,Litter Accessories,9208.0,B01DUZYZBG,2025-07-18,,,,,
In Stock,ACTIVE,0.458,1022.0,9.92,103.0,225.0,0.0,0.0,True,,4.0,4489.0,9.92,,,,Fresh Step,,"B01DUZYZBG (Fresh Step Litter Box Attractant Powder to Aid in Training, 9 Ounces)",[],True,True,True,False,Litter Accessories,9328.0,B01DUZYZBG,2025-07-17,,,,,
In Stock,ACTIVE,0.522,1102.0,10.11,109.0,209.0,0.0,0.0,True,,4.0,4487.0,9.92,,,,Fresh Step,,"B01DUZYZBG (Fresh Step Litter Box Attractant Powder to Aid in Training, 9 Ounces)",[],True,True,True,False,Litter Accessories,9431.0,B01DUZYZBG,2025-07-16,,,,,
In Stock,ACTIVE,0.462,1210.0,10.0,121.0,262.0,3.0,0.0,True,,4.0,4486.0,9.92,,,,Fresh Step,,"B01DUZYZBG (Fresh Step Litter Box Attractant Powder to Aid in Training, 9 Ounces)",[],True,True,True,False,Litter Accessories,9483.0,B01DUZYZBG,2025-07-15,,,,,
In Stock,ACTIVE,0.388,994.0,10.05,99.0,255.0,3.0,0.0,True,,4.0,4484.0,9.92,,,,Fresh Step,,"B01DUZYZBG (Fresh Step Litter Box Attractant Powder to Aid in Training, 9 Ounces)",[],True,True,True,False,Litter Accessories,9574.0,B01DUZYZBG,2025-07-14,,,,,
In Stock,ACTIVE,0.414,1032.0,9.92,104.0,251.0,3.0,0.0,True,,4.0,4481.0,9.92,,,,Fresh Step,,"B01DUZYZBG (Fresh Step Litter Box Attractant Powder to Aid in Training, 9 Ounces)",[],True,True,True,False,Litter Accessories,9556.0,B01DUZYZBG,2025-07-13,,,,,
In Stock,ACTIVE,0.45,903.0,9.92,91.0,202.0,3.0,0.0,True,,4.0,4480.0,9.92,,,,Fresh Step,,"B01DUZYZBG (Fresh Step Litter Box Attractant Powder to Aid in Training, 9 Ounces)",[],True,True,True,False,Litter Accessories,9668.0,B01DUZYZBG,2025-07-12,,,,,
In Stock,ACTIVE,0.623,1363.0,9.95,137.0,220.0,3.0,0.0,True,,4.0,4479.0,9.92,,,,Fresh Step,,"B01DUZYZBG (Fresh Step Litter Box Attractant Powder to Aid in Training, 9 Ounces)",[],True,True,True,False,Litter Accessories,9690.0,B01DUZYZBG,2025-07-11,,,,,
In Stock,ACTIVE,0.53,1224.0,9.95,123.0,232.0,3.0,0.0,True,,4.0,4477.0,9.92,,,,Fresh Step,,"B01DUZYZBG (Fresh Step Litter Box Attractant Powder to Aid in Training, 9 Ounces)",[],True,True,True,False,Litter Accessories,9771.0,B01DUZYZBG,2025-07-10,,,,,
In Stock,ACTIVE,0.471,1359.0,9.92,137.0,291.0,3.0,0.0,True,,4.0,4475.0,9.92,,,,Fresh Step,,"B01DUZYZBG (Fresh Step Litter Box Attractant Powder to Aid in Training, 9 Ounces)",[],True,True,True,False,Litter Accessories,9929.0,B01DUZYZBG,2025-07-09,,,,,
In Stock,ACTIVE,0.511,1170.0,9.92,118.0,231.0,3.0,0.0,True,,4.0,4475.0,9.92,,,,Fresh Step,,"B01DUZYZBG (Fresh Step Litter Box Attractant Powder to Aid in Training, 9 Ounces)",[],True,True,True,False,Litter Accessories,10006.0,B01DUZYZBG,2025-07-08,,,,,
In Stock,ACTIVE,0.445,1081.0,9.92,109.0,245.0,3.0,0.0,True,,4.0,4474.0,9.92,,,,Fresh Step,,"B01DUZYZBG (Fresh Step Litter Box Attractant Powder to Aid in Training, 9 Ounces)",[],True,True,True,False,Litter Accessories,10010.0,B01DUZYZBG,2025-07-07,,,,,
In Stock,ACTIVE,0.502,1233.0,9.95,124.0,247.0,3.0,0.0,True,,4.0,4470.0,9.92,,,,Fresh Step,,"B01DUZYZBG (Fresh Step Litter Box Attractant Powder to Aid in Training, 9 Ounces)",[],True,True,True,False,Litter Accessories,10092.0,B01DUZYZBG,2025-07-06,,,,,
In Stock,ACTIVE,0.403,804.0,9.92,81.0,201.0,3.0,0.0,True,,4.0,4468.0,9.92,,,,Fresh Step,,"B01DUZYZBG (Fresh Step Litter Box Attractant Powder to Aid in Training, 9 Ounces)",[],True,True,True,False,Litter Accessories,10132.0,B01DUZYZBG,2025-07-05,,,,,
In Stock,ACTIVE,0.479,804.0,9.92,81.0,169.0,3.0,0.0,True,,4.0,4465.0,9.92,,,,Fresh Step,,"B01DUZYZBG (Fresh Step Litter Box Attractant Powder to Aid in Training, 9 Ounces)",[],True,True,True,False,Litter Accessories,10385.0,B01DUZYZBG,2025-07-04,,,,,
In Stock,ACTIVE,0.458,922.0,9.92,93.0,203.0,3.0,0.0,True,,4.0,4462.0,9.92,,,,Fresh Step,,"B01DUZYZBG (Fresh Step Litter Box Attractant Powder to Aid in Training, 9 Ounces)",[],True,True,True,False,Litter Accessories,10540.0,B01DUZYZBG,2025-07-03,,,,,
In Stock,ACTIVE,0.522,1317.0,9.98,132.0,253.0,3.0,0.0,True,,4.0,4459.0,9.92,,,,Fresh Step,,"B01DUZYZBG (Fresh Step Litter Box Attractant Powder to Aid in Training, 9 Ounces)",[],True,True,True,False,Litter Accessories,10356.0,B01DUZYZBG,2025-07-02,,,,,
In Stock,ACTIVE,0.5379999999999999,1337.0,9.97,134.0,249.0,3.0,0.0,False,,4.0,4459.0,9.92,,,,Fresh Step,,"B01DUZYZBG (Fresh Step Litter Box Attractant Powder to Aid in Training, 9 Ounces)",[],True,True,True,False,Litter Accessories,10447.0,B01DUZYZBG,2025-07-01,,,,,
In Stock,ACTIVE,0.504,1210.0,9.92,122.0,242.0,3.0,0.0,True,,4.0,4458.0,9.92,,,,Fresh Step,,"B01DUZYZBG (Fresh Step Litter Box Attractant Powder to Aid in Training, 9 Ounces)",[],True,True,True,False,Litter Accessories,10584.0,B01DUZYZBG,2025-06-30,,,,,
In Stock,ACTIVE,0.416,1168.0,9.98,117.0,281.0,3.0,0.0,True,,4.0,4457.0,9.92,,,,Fresh Step,,"B01DUZYZBG (Fresh Step Litter Box Attractant Powder to Aid in Training, 9 Ounces)",[],True,True,True,False,Litter Accessories,10691.0,B01DUZYZBG,2025-06-29,,,,,
In Stock,ACTIVE,0.451,913.0,9.92,92.0,204.0,3.0,0.0,True,,4.0,4455.0,9.92,,,,Fresh Step,,"B01DUZYZBG (Fresh Step Litter Box Attractant Powder to Aid in Training, 9 Ounces)",[],True,True,True,False,Litter Accessories,10820.0,B01DUZYZBG,2025-06-28,,,,,
In Stock,ACTIVE,0.606,1280.0,9.92,129.0,213.0,3.0,0.0,True,,4.0,4453.0,9.92,,,,Fresh Step,,"B01DUZYZBG (Fresh Step Litter Box Attractant Powder to Aid in Training, 9 Ounces)",[],True,True,True,False,Litter Accessories,10839.0,B01DUZYZBG,2025-06-27,,,,,
In Stock,ACTIVE,0.512,1280.0,9.92,129.0,252.0,3.0,0.0,True,,4.0,4452.0,9.92,,,,Fresh Step,,"B01DUZYZBG (Fresh Step Litter Box Attractant Powder to Aid in Training, 9 Ounces)",[],True,True,True,False,Litter Accessories,10903.0,B01DUZYZBG,2025-06-26,,,,,
In Stock,ACTIVE,0.364,1379.0,9.92,139.0,382.0,3.0,0.0,True,,4.0,4449.0,9.92,,,,Fresh Step,,"B01DUZYZBG (Fresh Step Litter Box Attractant Powder to Aid in Training, 9 Ounces)",[],True,True,True,False,Litter Accessories,11067.0,B01DUZYZBG,2025-06-25,,,,,
In Stock,ACTIVE,0.48,1071.0,9.92,108.0,225.0,3.0,0.0,True,,4.0,4448.0,9.92,,,,Fresh Step,,"B01DUZYZBG (Fresh Step Litter Box Attractant Powder to Aid in Training, 9 Ounces)",[],True,True,True,False,Litter Accessories,11062.0,B01DUZYZBG,2025-06-24,,,,,
In Stock,ACTIVE,0.365,992.0,9.92,100.0,274.0,3.0,2.0,True,,4.0,4445.0,9.92,,,,Fresh Step,,"B01DUZYZBG (Fresh Step Litter Box Attractant Powder to Aid in Training, 9 Ounces)",[],True,True,True,False,Litter Accessories,10768.0,B01DUZYZBG,2025-06-23,,,,,
In Stock,ACTIVE,0.484,1200.0,10.0,120.0,248.0,3.0,2.0,True,,4.0,4443.0,9.92,,,,Fresh Step,,"B01DUZYZBG (Fresh Step Litter Box Attractant Powder to Aid in Training, 9 Ounces)",[],True,True,True,False,Litter Accessories,10745.0,B01DUZYZBG,2025-06-22,,,,,
In Stock,ACTIVE,0.513,1180.0,9.92,119.0,232.0,3.0,2.0,True,,4.0,4440.0,9.92,,,,Fresh Step,,"B01DUZYZBG (Fresh Step Litter Box Attractant Powder to Aid in Training, 9 Ounces)",[],True,True,True,False,Litter Accessories,10785.0,B01DUZYZBG,2025-06-21,,,,,
In Stock,ACTIVE,0.45,1081.0,9.92,109.0,242.0,3.0,2.0,True,,4.0,4440.0,9.92,,,,Fresh Step,,"B01DUZYZBG (Fresh Step Litter Box Attractant Powder to Aid in Training, 9 Ounces)",[],True,True,True,False,Litter Accessories,10632.0,B01DUZYZBG,2025-06-20,,,,,
In Stock,ACTIVE,0.452,1071.0,9.92,108.0,239.0,3.0,2.0,True,,4.0,4438.0,9.92,,,,Fresh Step,,"B01DUZYZBG (Fresh Step Litter Box Attractant Powder to Aid in Training, 9 Ounces)",[],True,True,True,False,Litter Accessories,10477.0,B01DUZYZBG,2025-06-19,,,,,
In Stock,ACTIVE,0.474,1438.0,9.92,145.0,306.0,3.0,2.0,True,,4.0,4437.0,9.92,,,,Fresh Step,,"B01DUZYZBG (Fresh Step Litter Box Attractant Powder to Aid in Training, 9 Ounces)",[],True,True,True,False,Litter Accessories,10614.0,B01DUZYZBG,2025-06-18,,,,,
In Stock,ACTIVE,0.445,1161.0,9.92,117.0,263.0,3.0,2.0,True,,4.0,4436.0,9.92,,,,Fresh Step,,"B01DUZYZBG (Fresh Step Litter Box Attractant Powder to Aid in Training, 9 Ounces)",[],True,True,True,False,Litter Accessories,9825.0,B01DUZYZBG,2025-06-17,,,,,
In Stock,ACTIVE,0.409,1369.0,9.92,138.0,337.0,3.0,2.0,True,,4.0,4435.0,9.92,,,,Fresh Step,,"B01DUZYZBG (Fresh Step Litter Box Attractant Powder to Aid in Training, 9 Ounces)",[],True,True,True,False,Litter Accessories,9389.0,B01DUZYZBG,2025-06-16,,,,,
In Stock,ACTIVE,0.4370000000000001,1173.0,9.94,118.0,270.0,3.0,2.0,True,,4.0,4432.0,9.92,,,,Fresh Step,,"B01DUZYZBG (Fresh Step Litter Box Attractant Powder to Aid in Training, 9 Ounces)",[],True,True,True,False,Litter Accessories,9444.0,B01DUZYZBG,2025-06-15,,,,,
In Stock,ACTIVE,0.447,1094.0,9.95,110.0,246.0,3.0,2.0,True,,4.0,4429.0,9.92,,,,Fresh Step,,"B01DUZYZBG (Fresh Step Litter Box Attractant Powder to Aid in Training, 9 Ounces)",[],True,True,True,False,Litter Accessories,9474.0,B01DUZYZBG,2025-06-14,,,,,
In Stock,ACTIVE,0.418,1061.0,9.92,107.0,256.0,3.0,2.0,True,,4.0,4427.0,9.92,,,,Fresh Step,,"B01DUZYZBG (Fresh Step Litter Box Attractant Powder to Aid in Training, 9 Ounces)",[],True,True,True,False,Litter Accessories,9559.0,B01DUZYZBG,2025-06-13,,,,,
In Stock,ACTIVE,0.517,1200.0,9.92,121.0,234.0,3.0,2.0,True,,4.0,4422.0,9.92,,,,Fresh Step,,"B01DUZYZBG (Fresh Step Litter Box Attractant Powder to Aid in Training, 9 Ounces)",[],True,True,True,False,Litter Accessories,10513.0,B01DUZYZBG,2025-06-12,,,,,
In Stock,ACTIVE,0.445,1094.0,9.95,110.0,247.0,3.0,2.0,True,,4.0,4414.0,9.92,,,,Fresh Step,,"B01DUZYZBG (Fresh Step Litter Box Attractant Powder to Aid in Training, 9 Ounces)",[],True,True,True,False,Litter Accessories,9516.0,B01DUZYZBG,2025-06-11,,,,,
In Stock,ACTIVE,0.413,1233.0,10.03,123.0,298.0,3.0,2.0,True,,4.0,4411.0,9.92,,,,Fresh Step,,"B01DUZYZBG (Fresh Step Litter Box Attractant Powder to Aid in Training, 9 Ounces)",[],True,True,True,False,Litter Accessories,9611.0,B01DUZYZBG,2025-06-10,,,,,
In Stock,ACTIVE,0.391,1071.0,9.92,108.0,276.0,3.0,2.0,True,,4.0,4411.0,9.92,,,,Fresh Step,,"B01DUZYZBG (Fresh Step Litter Box Attractant Powder to Aid in Training, 9 Ounces)",[],True,True,True,False,Litter Accessories,9739.0,B01DUZYZBG,2025-06-09,,,,,
In Stock,ACTIVE,0.509,1151.0,9.92,116.0,228.0,3.0,2.0,True,,4.0,4410.0,9.92,,,,Fresh Step,,"B01DUZYZBG (Fresh Step Litter Box Attractant Powder to Aid in Training, 9 Ounces)",[],True,True,True,False,Litter Accessories,9805.0,B01DUZYZBG,2025-06-08,,,,,
In Stock,ACTIVE,0.466,1012.0,9.92,102.0,219.0,3.0,2.0,True,,4.0,4409.0,9.92,,,,Fresh Step,,"B01DUZYZBG (Fresh Step Litter Box Attractant Powder to Aid in Training, 9 Ounces)",[],True,True,True,False,Litter Accessories,9854.0,B01DUZYZBG,2025-06-07,,,,,
In Stock,ACTIVE,0.43,1032.0,9.92,104.0,242.0,3.0,2.0,True,,4.0,4406.0,9.92,,,,Fresh Step,,"B01DUZYZBG (Fresh Step Litter Box Attractant Powder to Aid in Training, 9 Ounces)",[],True,True,True,False,Litter Accessories,9946.0,B01DUZYZBG,2025-06-06,,,,,
In Stock,ACTIVE,0.423,1111.0,9.92,112.0,265.0,3.0,2.0,True,,4.0,4402.0,9.92,,,,Fresh Step,,"B01DUZYZBG (Fresh Step Litter Box Attractant Powder to Aid in Training, 9 Ounces)",[],True,True,True,False,Litter Accessories,9912.0,B01DUZYZBG,2025-06-05,,,,,
In Stock,ACTIVE,0.439,1148.0,9.98,115.0,262.0,3.0,2.0,True,,4.0,4401.0,9.92,,,,Fresh Step,,"B01DUZYZBG (Fresh Step Litter Box Attractant Powder to Aid in Training, 9 Ounces)",[],True,True,True,False,Litter Accessories,9819.0,B01DUZYZBG,2025-06-04,,,,,
In Stock,ACTIVE,0.498,1195.0,9.96,120.0,241.0,3.0,2.0,True,,4.0,4401.0,9.92,,,,Fresh Step,,"B01DUZYZBG (Fresh Step Litter Box Attractant Powder to Aid in Training, 9 Ounces)",[],True,True,True,False,Litter Accessories,10055.0,B01DUZYZBG,2025-06-03,,,,,
In Stock,ACTIVE,0.526,1290.0,9.92,130.0,247.0,3.0,2.0,True,,4.0,4401.0,9.92,,,,Fresh Step,,"B01DUZYZBG (Fresh Step Litter Box Attractant Powder to Aid in Training, 9 Ounces)",[],True,True,True,False,Litter Accessories,9600.0,B01DUZYZBG,2025-06-02,,,,,
In Stock,ACTIVE,0.451,1002.0,9.92,101.0,224.0,3.0,2.0,True,,4.0,4399.0,9.92,,,,Fresh Step,,"B01DUZYZBG (Fresh Step Litter Box Attractant Powder to Aid in Training, 9 Ounces)",[],True,True,True,False,Litter Accessories,9733.0,B01DUZYZBG,2025-06-01,,,,,
In Stock,ACTIVE,0.48,1091.0,9.92,110.0,229.0,3.0,2.0,True,,4.0,4397.0,9.92,,,,Fresh Step,,"B01DUZYZBG (Fresh Step Litter Box Attractant Powder to Aid in Training, 9 Ounces)",[],True,True,True,False,Litter Accessories,9860.0,B01DUZYZBG,2025-05-31,,,,,
In Stock,ACTIVE,0.5770000000000001,1280.0,10.0,128.0,222.0,3.0,2.0,True,,4.0,4394.0,9.93,,,,Fresh Step,,"B01DUZYZBG (Fresh Step Litter Box Attractant Powder to Aid in Training, 9 Ounces)",[],True,True,True,False,Litter Accessories,9952.0,B01DUZYZBG,2025-05-30,,,,,
In Stock,ACTIVE,0.3779999999999999,943.0,9.93,95.0,251.0,3.0,2.0,True,,4.0,4392.0,9.93,,,,Fresh Step,,"B01DUZYZBG (Fresh Step Litter Box Attractant Powder to Aid in Training, 9 Ounces)",[],True,True,True,False,Litter Accessories,10061.0,B01DUZYZBG,2025-05-29,,,,,
In Stock,ACTIVE,0.412,1043.0,9.93,105.0,255.0,3.0,2.0,True,,4.0,4392.0,9.93,,,,Fresh Step,,"B01DUZYZBG (Fresh Step Litter Box Attractant Powder to Aid in Training, 9 Ounces)",[],True,True,True,False,Litter Accessories,10173.0,B01DUZYZBG,2025-05-28,,,,,
In Stock,ACTIVE,0.449,1142.0,9.93,115.0,256.0,3.0,2.0,True,,4.0,4391.0,9.93,,,,Fresh Step,,"B01DUZYZBG (Fresh Step Litter Box Attractant Powder to Aid in Training, 9 Ounces)",[],True,True,True,False,Litter Accessories,10219.0,B01DUZYZBG,2025-05-27,,,,,
In Stock,ACTIVE,0.4370000000000001,1102.0,10.02,110.0,252.0,3.0,2.0,True,,4.0,4390.0,9.93,,,,Fresh Step,,"B01DUZYZBG (Fresh Step Litter Box Attractant Powder to Aid in Training, 9 Ounces)",[],True,True,True,False,Litter Accessories,10338.0,B01DUZYZBG,2025-05-26,,,,,
In Stock,ACTIVE,0.579,1142.0,10.02,114.0,197.0,3.0,2.0,True,,4.0,4388.0,9.93,,,,Fresh Step,,"B01DUZYZBG (Fresh Step Litter Box Attractant Powder to Aid in Training, 9 Ounces)",[],True,True,True,False,Litter Accessories,10406.0,B01DUZYZBG,2025-05-25,,,,,
In Stock,ACTIVE,0.44,983.0,9.93,99.0,225.0,3.0,2.0,True,,4.0,4387.0,9.93,,,,Fresh Step,,"B01DUZYZBG (Fresh Step Litter Box Attractant Powder to Aid in Training, 9 Ounces)",[],True,True,True,False,Litter Accessories,10522.0,B01DUZYZBG,2025-05-24,,,,,
In Stock,ACTIVE,0.464,963.0,9.93,97.0,209.0,3.0,2.0,True,,4.0,4387.0,9.93,,,,Fresh Step,,"B01DUZYZBG (Fresh Step Litter Box Attractant Powder to Aid in Training, 9 Ounces)",[],True,True,True,False,Litter Accessories,10710.0,B01DUZYZBG,2025-05-23,,,,,
In Stock,ACTIVE,0.512,1261.0,9.93,127.0,248.0,3.0,2.0,True,,4.0,4386.0,9.93,,,,Fresh Step,,"B01DUZYZBG (Fresh Step Litter Box Attractant Powder to Aid in Training, 9 Ounces)",[],True,True,True,False,Litter Accessories,10807.0,B01DUZYZBG,2025-05-22,,,,,
In Stock,ACTIVE,0.508,1251.0,9.93,126.0,248.0,3.0,2.0,True,,4.0,4385.0,9.93,,,,Fresh Step,,"B01DUZYZBG (Fresh Step Litter Box Attractant Powder to Aid in Training, 9 Ounces)",[],True,True,True,False,Litter Accessories,10944.0,B01DUZYZBG,2025-05-21,,,,,
In Stock,ACTIVE,0.464,1202.0,9.93,121.0,261.0,3.0,2.0,True,,4.0,4384.0,9.93,,,,Fresh Step,,"B01DUZYZBG (Fresh Step Litter Box Attractant Powder to Aid in Training, 9 Ounces)",[],True,True,True,False,Litter Accessories,11052.0,B01DUZYZBG,2025-05-20,,,,,
In Stock,ACTIVE,0.466,1297.0,9.98,130.0,279.0,3.0,2.0,True,,4.0,4383.0,9.93,,,,Fresh Step,,"B01DUZYZBG (Fresh Step Litter Box Attractant Powder to Aid in Training, 9 Ounces)",[],True,True,True,False,Litter Accessories,11168.0,B01DUZYZBG,2025-05-19,,,,,
In Stock,ACTIVE,0.506,1327.0,9.98,133.0,263.0,3.0,2.0,True,,4.0,4381.0,9.93,,,,Fresh Step,,"B01DUZYZBG (Fresh Step Litter Box Attractant Powder to Aid in Training, 9 Ounces)",[],True,True,True,False,Litter Accessories,11266.0,B01DUZYZBG,2025-05-18,,,,,
In Stock,ACTIVE,0.447,1132.0,9.93,114.0,255.0,3.0,2.0,True,,4.0,4381.0,9.93,,,,Fresh Step,,"B01DUZYZBG (Fresh Step Litter Box Attractant Powder to Aid in Training, 9 Ounces)",[],True,True,True,False,Litter Accessories,11332.0,B01DUZYZBG,2025-05-17,,,,,
In Stock,ACTIVE,0.46,1390.0,10.0,139.0,302.0,3.0,2.0,True,,4.0,4381.0,9.93,,,,Fresh Step,,"B01DUZYZBG (Fresh Step Litter Box Attractant Powder to Aid in Training, 9 Ounces)",[],True,True,True,False,Litter Accessories,11389.0,B01DUZYZBG,2025-05-16,,,,,
In Stock,ACTIVE,0.518,1429.0,10.0,143.0,276.0,3.0,2.0,True,,4.0,4381.0,9.93,,,,Fresh Step,,"B01DUZYZBG (Fresh Step Litter Box Attractant Powder to Aid in Training, 9 Ounces)",[],True,True,True,False,Litter Accessories,11480.0,B01DUZYZBG,2025-05-15,,,,,
In Stock,ACTIVE,0.439,1340.0,10.07,133.0,303.0,3.0,2.0,True,,4.0,4379.0,9.93,,,,Fresh Step,,"B01DUZYZBG (Fresh Step Litter Box Attractant Powder to Aid in Training, 9 Ounces)",[],True,True,True,False,Litter Accessories,11497.0,B01DUZYZBG,2025-05-14,,,,,
In Stock,ACTIVE,0.444,1477.0,9.98,148.0,333.0,3.0,2.0,True,,4.0,4379.0,9.93,,,1.0,Fresh Step,,"B01DUZYZBG (Fresh Step Litter Box Attractant Powder to Aid in Training, 9 Ounces)",[],True,True,True,False,Litter Accessories,11538.0,B01DUZYZBG,2025-05-13,,,,,
In Stock,ACTIVE,0.435,1122.0,9.93,113.0,260.0,3.0,2.0,True,,4.0,4379.0,9.93,,,1.0,Fresh Step,,"B01DUZYZBG (Fresh Step Litter Box Attractant Powder to Aid in Training, 9 Ounces)",[],True,True,True,False,Litter Accessories,11391.0,B01DUZYZBG,2025-05-12,,,,,
In Stock,ACTIVE,0.4379999999999999,1135.0,9.95,114.0,260.0,3.0,2.0,True,,4.0,4378.0,9.93,,,1.0,Fresh Step,,"B01DUZYZBG (Fresh Step Litter Box Attractant Powder to Aid in Training, 9 Ounces)",[],True,True,True,False,Litter Accessories,11678.0,B01DUZYZBG,2025-05-11,,,,,
In Stock,ACTIVE,0.457,1162.0,9.93,117.0,256.0,3.0,2.0,True,,4.0,4376.0,9.93,,,1.0,Fresh Step,,"B01DUZYZBG (Fresh Step Litter Box Attractant Powder to Aid in Training, 9 Ounces)",[],True,True,True,False,Litter Accessories,11103.0,B01DUZYZBG,2025-05-10,,,,,
In Stock,ACTIVE,0.526,1092.0,9.93,110.0,209.0,3.0,2.0,True,,4.0,4374.0,9.93,,,1.0,Fresh Step,,"B01DUZYZBG (Fresh Step Litter Box Attractant Powder to Aid in Training, 9 Ounces)",[],True,True,True,False,Litter Accessories,10061.0,B01DUZYZBG,2025-05-09,,,,,
In Stock,ACTIVE,0.469,1221.0,9.93,123.0,262.0,3.0,2.0,True,,4.0,4374.0,9.93,,,1.0,Fresh Step,,"B01DUZYZBG (Fresh Step Litter Box Attractant Powder to Aid in Training, 9 Ounces)",[],True,True,True,False,Litter Accessories,10194.0,B01DUZYZBG,2025-05-08,,,,,
In Stock,ACTIVE,,,,,,6.0,0.0,True,,4.4,13196.0,4.42,,,3.0,Fresh Step,,"B01DUZZ59C (Fresh Step Drawstring Litter Box Liners Scented, Jumbo Size, 36"" x 19"" - 7 Count)",[],True,True,True,False,Litter Accessories,,B01DUZZ59C,2026-05-15,,,,,
In Stock,ACTIVE,,412.0,4.38,94.0,,6.0,0.0,True,,4.4,13197.0,4.42,,,3.0,Fresh Step,,"B01DUZZ59C (Fresh Step Drawstring Litter Box Liners Scented, Jumbo Size, 36"" x 19"" - 7 Count)",[],True,True,True,False,Litter Accessories,,B01DUZZ59C,2026-05-14,,,,,
In Stock,ACTIVE,,355.0,4.38,81.0,,6.0,0.0,True,,4.4,13222.0,4.42,,,3.0,Fresh Step,,"B01DUZZ59C (Fresh Step Drawstring Litter Box Liners Scented, Jumbo Size, 36"" x 19"" - 7 Count)",[],True,True,True,False,Litter Accessories,,B01DUZZ59C,2026-05-13,,,,,
In Stock,ACTIVE,,216.0,4.4,49.0,,6.0,0.0,False,,4.4,12864.0,4.42,,,3.0,Fresh Step,,"B01DUZZ59C (Fresh Step Drawstring Litter Box Liners Scented, Jumbo Size, 36"" x 19"" - 7 Count)",[],True,True,True,False,Litter Accessories,,B01DUZZ59C,2026-05-12,,,,,
In Stock,ACTIVE,0.382,284.0,4.37,65.0,170.0,6.0,0.0,True,,4.4,13193.0,4.2,,,3.0,Fresh Step,,"B01DUZZ59C (Fresh Step Drawstring Litter Box Liners Scented, Jumbo Size, 36"" x 19"" - 7 Count)",[],True,True,True,False,Litter Accessories,12633.0,B01DUZZ59C,2026-05-11,,,,,
In Stock,ACTIVE,0.457,311.0,4.2,74.0,162.0,6.0,0.0,True,,4.4,13192.0,4.2,,,3.0,Fresh Step,,"B01DUZZ59C (Fresh Step Drawstring Litter Box Liners Scented, Jumbo Size, 36"" x 19"" - 7 Count)",[],True,True,True,False,Litter Accessories,12707.0,B01DUZZ59C,2026-05-10,,,,,
In Stock,ACTIVE,0.357,235.0,4.2,56.0,157.0,6.0,0.0,True,,4.4,13190.0,4.2,,,3.0,Fresh Step,,"B01DUZZ59C (Fresh Step Drawstring Litter Box Liners Scented, Jumbo Size, 36"" x 19"" - 7 Count)",[],True,True,True,False,Litter Accessories,12788.0,B01DUZZ59C,2026-05-09,,,,,
In Stock,ACTIVE,0.488,252.0,4.2,60.0,123.0,6.0,0.0,True,,4.4,13188.0,4.2,,,3.0,Fresh Step,,"B01DUZZ59C (Fresh Step Drawstring Litter Box Liners Scented, Jumbo Size, 36"" x 19"" - 7 Count)",[],True,True,True,False,Litter Accessories,12847.0,B01DUZZ59C,2026-05-08,,,,,
Not Buyable,ACTIVE,0.647,424.0,4.2,101.0,156.0,6.0,0.0,True,,4.4,13188.0,,,,3.0,Fresh Step,,"B01DUZZ59C (Fresh Step Drawstring Litter Box Liners Scented, Jumbo Size, 36"" x 19"" - 7 Count)",[],False,False,True,False,Litter Accessories,12907.0,B01DUZZ59C,2026-05-07,,,,,
In Stock,ACTIVE,0.386,70.0,4.14,17.0,44.0,6.0,0.0,True,,4.4,13185.0,4.2,,,3.0,Fresh Step,,"B01DUZZ59C (Fresh Step Drawstring Litter Box Liners Scented, Jumbo Size, 36"" x 19"" - 7 Count)",[],True,True,True,False,Litter Accessories,12952.0,B01DUZZ59C,2026-05-06,,,,,
In Stock,ACTIVE,0.556,326.0,4.12,79.0,142.0,6.0,0.0,True,,4.4,13182.0,4.2,,,3.0,Fresh Step,,"B01DUZZ59C (Fresh Step Drawstring Litter Box Liners Scented, Jumbo Size, 36"" x 19"" - 7 Count)",[],True,True,True,False,Litter Accessories,13034.0,B01DUZZ59C,2026-05-05,,,,,
In Stock,ACTIVE,0.542,328.0,4.2,78.0,144.0,6.0,0.0,True,,4.4,13182.0,4.2,,,3.0,Fresh Step,,"B01DUZZ59C (Fresh Step Drawstring Litter Box Liners Scented, Jumbo Size, 36"" x 19"" - 7 Count)",[],True,True,True,False,Litter Accessories,13102.0,B01DUZZ59C,2026-05-04,,,,,
In Stock,ACTIVE,0.62,433.0,4.2,103.0,166.0,6.0,0.0,True,,4.4,13182.0,4.2,,,3.0,Fresh Step,,"B01DUZZ59C (Fresh Step Drawstring Litter Box Liners Scented, Jumbo Size, 36"" x 19"" - 7 Count)",[],True,True,True,False,Litter Accessories,13196.0,B01DUZZ59C,2026-05-03,,,,,
In Stock,ACTIVE,0.439,315.0,4.2,75.0,171.0,6.0,0.0,True,,4.4,13180.0,4.2,,,3.0,Fresh Step,,"B01DUZZ59C (Fresh Step Drawstring Litter Box Liners Scented, Jumbo Size, 36"" x 19"" - 7 Count)",[],True,True,True,False,Litter Accessories,13287.0,B01DUZZ59C,2026-05-02,0.0,0.0,0.0,0.0,0.0
In Stock,ACTIVE,0.584,378.0,4.2,90.0,154.0,6.0,0.0,True,,4.4,13180.0,4.2,,,3.0,Fresh Step,,"B01DUZZ59C (Fresh Step Drawstring Litter Box Liners Scented, Jumbo Size, 36"" x 19"" - 7 Count)",[],True,True,True,False,Litter Accessories,13338.0,B01DUZZ59C,2026-05-01,0.0,0.0,0.0,0.0,0.0
In Stock,ACTIVE,0.555,319.0,4.2,76.0,137.0,6.0,0.0,True,,4.4,13178.0,4.2,,,3.0,Fresh Step,,"B01DUZZ59C (Fresh Step Drawstring Litter Box Liners Scented, Jumbo Size, 36"" x 19"" - 7 Count)",[],True,True,True,False,Litter Accessories,13434.0,B01DUZZ59C,2026-04-30,0.0,0.0,0.0,0.0,0.0
In Stock,ACTIVE,0.61,361.0,4.2,86.0,141.0,6.0,0.0,True,,4.4,13177.0,4.2,,,3.0,Fresh Step,,"B01DUZZ59C (Fresh Step Drawstring Litter Box Liners Scented, Jumbo Size, 36"" x 19"" - 7 Count)",[],True,True,True,False,Litter Accessories,13502.0,B01DUZZ59C,2026-04-29,0.0,0.0,0.0,0.0,0.0
In Stock,ACTIVE,0.623,340.0,4.2,81.0,130.0,6.0,0.0,True,,4.4,13174.0,4.2,,,3.0,Fresh Step,,"B01DUZZ59C (Fresh Step Drawstring Litter Box Liners Scented, Jumbo Size, 36"" x 19"" - 7 Count)",[],True,True,True,False,Litter Accessories,13605.0,B01DUZZ59C,2026-04-28,0.0,0.0,0.0,0.0,0.0
In Stock,ACTIVE,0.583,353.0,4.2,84.0,144.0,6.0,0.0,True,,4.4,13173.0,4.2,,,3.0,Fresh Step,,"B01DUZZ59C (Fresh Step Drawstring Litter Box Liners Scented, Jumbo Size, 36"" x 19"" - 7 Count)",[],True,True,True,False,Litter Accessories,13683.0,B01DUZZ59C,2026-04-27,0.0,0.0,0.0,0.0,0.0
In Stock,ACTIVE,0.649,407.0,4.16,98.0,151.0,6.0,0.0,True,,4.4,13173.0,4.2,,,3.0,Fresh Step,,"B01DUZZ59C (Fresh Step Drawstring Litter Box Liners Scented, Jumbo Size, 36"" x 19"" - 7 Count)",[],True,True,True,False,Litter Accessories,13794.0,B01DUZZ59C,2026-04-26,0.0,0.0,0.0,0.0,0.0
In Stock,ACTIVE,0.468,248.0,4.2,59.0,126.0,6.0,0.0,True,,4.4,13172.0,4.2,,,3.0,Fresh Step,,"B01DUZZ59C (Fresh Step Drawstring Litter Box Liners Scented, Jumbo Size, 36"" x 19"" - 7 Count)",[],True,True,True,False,Litter Accessories,13876.0,B01DUZZ59C,2026-04-25,0.0,0.0,0.0,0.0,0.0
In Stock,ACTIVE,0.607,356.0,4.19,85.0,140.0,6.0,0.0,True,,4.4,13171.0,4.2,,,3.0,Fresh Step,,"B01DUZZ59C (Fresh Step Drawstring Litter Box Liners Scented, Jumbo Size, 36"" x 19"" - 7 Count)",[],True,True,True,False,Litter Accessories,13954.0,B01DUZZ59C,2026-04-24,0.0,0.0,0.0,0.0,0.0
In Stock,ACTIVE,0.679,311.0,4.2,74.0,109.0,6.0,0.0,True,,4.4,13168.0,4.2,,,3.0,Fresh Step,,"B01DUZZ59C (Fresh Step Drawstring Litter Box Liners Scented, Jumbo Size, 36"" x 19"" - 7 Count)",[],True,True,True,False,Litter Accessories,14042.0,B01DUZZ59C,2026-04-23,0.0,0.0,0.0,0.0,0.0
In Stock,ACTIVE,0.892,521.0,4.2,124.0,139.0,6.0,0.0,True,,4.4,13149.0,4.2,,,3.0,Fresh Step,,"B01DUZZ59C (Fresh Step Drawstring Litter Box Liners Scented, Jumbo Size, 36"" x 19"" - 7 Count)",[],True,True,True,False,Litter Accessories,14136.0,B01DUZZ59C,2026-04-22,0.0,0.0,0.0,0.0,0.0
In Stock,ACTIVE,0.595,302.0,4.2,72.0,121.0,6.0,0.0,True,,4.4,13149.0,4.2,0.0,,3.0,Fresh Step,,"B01DUZZ59C (Fresh Step Drawstring Litter Box Liners Scented, Jumbo Size, 36"" x 19"" - 7 Count)",[],True,True,True,False,Litter Accessories,14193.0,B01DUZZ59C,2026-04-21,0.0,0.0,0.0,1.0,0.0
In Stock,ACTIVE,0.768,403.0,4.2,96.0,125.0,6.0,0.0,True,,4.4,13149.0,4.2,,,3.0,Fresh Step,,"B01DUZZ59C (Fresh Step Drawstring Litter Box Liners Scented, Jumbo Size, 36"" x 19"" - 7 Count)",[],True,True,True,False,Litter Accessories,14261.0,B01DUZZ59C,2026-04-20,0.0,0.0,0.0,0.0,0.0
In Stock,ACTIVE,0.469,317.0,4.17,76.0,162.0,6.0,0.0,False,,4.4,13149.0,4.2,,,3.0,Fresh Step,,"B01DUZZ59C (Fresh Step Drawstring Litter Box Liners Scented, Jumbo Size, 36"" x 19"" - 7 Count)",[],True,True,True,False,Litter Accessories,14344.0,B01DUZZ59C,2026-04-19,0.0,0.0,0.0,0.0,0.0
In Stock,ACTIVE,0.514,296.0,4.16,71.0,138.0,6.0,0.0,True,,4.4,13148.0,4.2,,,3.0,Fresh Step,,"B01DUZZ59C (Fresh Step Drawstring Litter Box Liners Scented, Jumbo Size, 36"" x 19"" - 7 Count)",[],True,True,True,False,Litter Accessories,14418.0,B01DUZZ59C,2026-04-18,0.0,0.0,0.0,0.0,0.0
In Stock,ACTIVE,0.5529999999999999,302.0,4.13,73.0,132.0,6.0,0.0,True,,4.4,13175.0,4.2,,,3.0,Fresh Step,,"B01DUZZ59C (Fresh Step Drawstring Litter Box Liners Scented, Jumbo Size, 36"" x 19"" - 7 Count)",[],True,True,True,False,Litter Accessories,14489.0,B01DUZZ59C,2026-04-17,0.0,0.0,0.0,0.0,0.0
In Stock,ACTIVE,0.5429999999999999,290.0,4.2,69.0,127.0,6.0,0.0,True,,4.4,13176.0,4.2,0.0,,3.0,Fresh Step,,"B01DUZZ59C (Fresh Step Drawstring Litter Box Liners Scented, Jumbo Size, 36"" x 19"" - 7 Count)",[],True,True,True,False,Litter Accessories,14534.0,B01DUZZ59C,2026-04-16,0.0,0.0,0.0,1.0,0.0
In Stock,ACTIVE,0.762,394.0,4.11,96.0,126.0,6.0,0.0,True,,4.4,12832.0,4.2,,,3.0,Fresh Step,,"B01DUZZ59C (Fresh Step Drawstring Litter Box Liners Scented, Jumbo Size, 36"" x 19"" - 7 Count)",[],True,True,True,False,Litter Accessories,14615.0,B01DUZZ59C,2026-04-15,0.0,0.0,0.0,0.0,0.0
In Stock,ACTIVE,0.541,248.0,4.2,59.0,109.0,6.0,0.0,True,,4.4,12833.0,4.2,,,3.0,Fresh Step,,"B01DUZZ59C (Fresh Step Drawstring Litter Box Liners Scented, Jumbo Size, 36"" x 19"" - 7 Count)",[],True,True,True,False,Litter Accessories,14694.0,B01DUZZ59C,2026-04-14,0.0,0.0,0.0,0.0,0.0
In Stock,ACTIVE,0.586,315.0,4.2,75.0,128.0,6.0,0.0,True,,4.4,12833.0,4.2,,,3.0,Fresh Step,,"B01DUZZ59C (Fresh Step Drawstring Litter Box Liners Scented, Jumbo Size, 36"" x 19"" - 7 Count)",[],True,True,True,False,Litter Accessories,14757.0,B01DUZZ59C,2026-04-13,0.0,0.0,0.0,0.0,0.0
In Stock,ACTIVE,0.439,319.0,4.2,76.0,173.0,6.0,0.0,True,,4.4,12833.0,4.2,0.0,,3.0,Fresh Step,,"B01DUZZ59C (Fresh Step Drawstring Litter Box Liners Scented, Jumbo Size, 36"" x 19"" - 7 Count)",[],True,True,True,False,Litter Accessories,14837.0,B01DUZZ59C,2026-04-12,0.0,0.0,0.0,161.0,0.0
In Stock,ACTIVE,0.604,364.0,4.19,87.0,144.0,6.0,0.0,True,,4.4,12823.0,4.2,0.0,,3.0,Fresh Step,,"B01DUZZ59C (Fresh Step Drawstring Litter Box Liners Scented, Jumbo Size, 36"" x 19"" - 7 Count)",[],True,True,True,False,Litter Accessories,0.0,B01DUZZ59C,2026-04-11,0.0,0.0,0.0,77.0,0.0
In Stock,ACTIVE,0.667,391.0,4.16,94.0,141.0,6.0,0.0,True,,4.4,13148.0,4.2,0.01550387596899225,0.5,3.0,Fresh Step,3.73,"B01DUZZ59C (Fresh Step Drawstring Litter Box Liners Scented, Jumbo Size, 36"" x 19"" - 7 Count)",[],True,True,True,False,Litter Accessories,15014.0,B01DUZZ59C,2026-04-10,7.46,9.54,2.0,129.0,1.0
In Stock,ACTIVE,0.5379999999999999,294.0,4.2,70.0,130.0,6.0,0.0,True,,4.4,13147.0,4.2,0.01047120418848168,0.0,3.0,Fresh Step,4.265,"B01DUZZ59C (Fresh Step Drawstring Litter Box Liners Scented, Jumbo Size, 36"" x 19"" - 7 Count)",[],True,True,True,False,Litter Accessories,15222.0,B01DUZZ59C,2026-04-09,8.53,0.0,2.0,191.0,0.0
In Stock,ACTIVE,0.5,286.0,4.2,68.0,136.0,6.0,0.0,True,,4.4,13145.0,4.2,0.0078125,0.0,3.0,Fresh Step,3.49,"B01DUZZ59C (Fresh Step Drawstring Litter Box Liners Scented, Jumbo Size, 36"" x 19"" - 7 Count)",[],True,True,True,False,Litter Accessories,15292.0,B01DUZZ59C,2026-04-08,3.49,0.0,1.0,128.0,0.0
In Stock,ACTIVE,0.65,273.0,4.2,65.0,100.0,6.0,0.0,True,,4.4,13146.0,4.2,0.01176470588235294,0.0,3.0,Fresh Step,3.635,"B01DUZZ59C (Fresh Step Drawstring Litter Box Liners Scented, Jumbo Size, 36"" x 19"" - 7 Count)",[],True,True,True,False,Litter Accessories,15338.0,B01DUZZ59C,2026-04-07,7.27,0.0,2.0,170.0,0.0
In Stock,ACTIVE,0.574,311.0,4.2,74.0,129.0,6.0,0.0,True,,4.4,13144.0,4.2,0.01333333333333333,0.0,3.0,Fresh Step,2.88,"B01DUZZ59C (Fresh Step Drawstring Litter Box Liners Scented, Jumbo Size, 36"" x 19"" - 7 Count)",[],True,True,True,False,Litter Accessories,15230.0,B01DUZZ59C,2026-04-06,5.76,0.0,2.0,150.0,0.0
In Stock,ACTIVE,0.636,344.0,4.2,82.0,129.0,6.0,0.0,True,,4.4,13140.0,4.2,,,3.0,Fresh Step,,"B01DUZZ59C (Fresh Step Drawstring Litter Box Liners Scented, Jumbo Size, 36"" x 19"" - 7 Count)",[],True,True,True,False,Litter Accessories,14761.0,B01DUZZ59C,2026-04-05,0.0,0.0,0.0,0.0,0.0
In Stock,ACTIVE,0.5379999999999999,294.0,4.2,70.0,130.0,6.0,0.0,True,,4.4,13137.0,4.2,,,3.0,Fresh Step,,"B01DUZZ59C (Fresh Step Drawstring Litter Box Liners Scented, Jumbo Size, 36"" x 19"" - 7 Count)",[],True,True,True,False,Litter Accessories,15638.0,B01DUZZ59C,2026-04-04,0.0,0.0,0.0,0.0,0.0
In Stock,ACTIVE,0.649,403.0,4.2,96.0,148.0,6.0,0.0,True,,4.4,13136.0,4.2,,,3.0,Fresh Step,,"B01DUZZ59C (Fresh Step Drawstring Litter Box Liners Scented, Jumbo Size, 36"" x 19"" - 7 Count)",[],True,True,True,False,Litter Accessories,13732.0,B01DUZZ59C,2026-04-03,0.0,0.0,0.0,0.0,0.0
In Stock,ACTIVE,0.509,344.0,4.2,82.0,161.0,6.0,0.0,True,,4.4,13136.0,4.2,,,3.0,Fresh Step,,"B01DUZZ59C (Fresh Step Drawstring Litter Box Liners Scented, Jumbo Size, 36"" x 19"" - 7 Count)",[],True,True,True,False,Litter Accessories,11949.0,B01DUZZ59C,2026-04-02,0.0,0.0,0.0,0.0,0.0
In Stock,ACTIVE,0.627,332.0,4.2,79.0,126.0,6.0,0.0,True,,4.4,13135.0,4.2,,,3.0,Fresh Step,,"B01DUZZ59C (Fresh Step Drawstring Litter Box Liners Scented, Jumbo Size, 36"" x 19"" - 7 Count)",[],True,True,True,False,Litter Accessories,11771.0,B01DUZZ59C,2026-04-01,0.0,0.0,0.0,0.0,0.0
In Stock,ACTIVE,0.409,227.0,4.2,54.0,132.0,6.0,0.0,True,,4.4,13135.0,4.2,,,3.0,Fresh Step,,"B01DUZZ59C (Fresh Step Drawstring Litter Box Liners Scented, Jumbo Size, 36"" x 19"" - 7 Count)",[],True,True,True,False,Litter Accessories,12026.0,B01DUZZ59C,2026-03-31,0.0,0.0,0.0,0.0,0.0
In Stock,ACTIVE,0.677,369.0,4.19,88.0,130.0,6.0,0.0,True,,4.4,13132.0,4.2,,,3.0,Fresh Step,,"B01DUZZ59C (Fresh Step Drawstring Litter Box Liners Scented, Jumbo Size, 36"" x 19"" - 7 Count)",[],True,True,True,False,Litter Accessories,12144.0,B01DUZZ59C,2026-03-30,0.0,0.0,0.0,0.0,0.0
In Stock,ACTIVE,0.57,307.0,4.2,73.0,128.0,6.0,0.0,True,,4.4,13129.0,4.2,,,3.0,Fresh Step,,"B01DUZZ59C (Fresh Step Drawstring Litter Box Liners Scented, Jumbo Size, 36"" x 19"" - 7 Count)",[],True,True,True,False,Litter Accessories,13130.0,B01DUZZ59C,2026-03-29,0.0,0.0,0.0,0.0,0.0
In Stock,ACTIVE,0.473,290.0,4.2,69.0,146.0,6.0,0.0,True,,4.4,13128.0,4.2,,,3.0,Fresh Step,,"B01DUZZ59C (Fresh Step Drawstring Litter Box Liners Scented, Jumbo Size, 36"" x 19"" - 7 Count)",[],True,True,True,False,Litter Accessories,15693.0,B01DUZZ59C,2026-03-28,0.0,0.0,0.0,0.0,0.0
In Stock,ACTIVE,0.5489999999999999,280.0,4.18,67.0,122.0,6.0,0.0,True,,4.4,13129.0,4.2,,,3.0,Fresh Step,,"B01DUZZ59C (Fresh Step Drawstring Litter Box Liners Scented, Jumbo Size, 36"" x 19"" - 7 Count)",[],True,True,True,False,Litter Accessories,15721.0,B01DUZZ59C,2026-03-27,0.0,0.0,0.0,0.0,0.0
In Stock,ACTIVE,0.624,308.0,4.21,73.0,117.0,6.0,0.0,True,,4.4,13127.0,4.2,,,3.0,Fresh Step,,"B01DUZZ59C (Fresh Step Drawstring Litter Box Liners Scented, Jumbo Size, 36"" x 19"" - 7 Count)",[],True,True,True,False,Litter Accessories,15812.0,B01DUZZ59C,2026-03-26,0.0,0.0,0.0,0.0,0.0
In Stock,ACTIVE,0.655,318.0,4.19,76.0,116.0,6.0,0.0,True,,4.4,13124.0,4.2,,,3.0,Fresh Step,,"B01DUZZ59C (Fresh Step Drawstring Litter Box Liners Scented, Jumbo Size, 36"" x 19"" - 7 Count)",[],True,True,True,False,Litter Accessories,15853.0,B01DUZZ59C,2026-03-25,0.0,0.0,0.0,0.0,0.0
In Stock,ACTIVE,0.34,227.0,4.2,54.0,159.0,6.0,0.0,True,,4.4,13124.0,4.2,,,3.0,Fresh Step,,"B01DUZZ59C (Fresh Step Drawstring Litter Box Liners Scented, Jumbo Size, 36"" x 19"" - 7 Count)",[],True,True,True,False,Litter Accessories,15842.0,B01DUZZ59C,2026-03-24,0.0,0.0,0.0,0.0,0.0
In Stock,ACTIVE,0.636,353.0,4.2,84.0,132.0,6.0,0.0,True,,4.4,13122.0,4.2,,,3.0,Fresh Step,,"B01DUZZ59C (Fresh Step Drawstring Litter Box Liners Scented, Jumbo Size, 36"" x 19"" - 7 Count)",[],True,True,True,False,Litter Accessories,15930.0,B01DUZZ59C,2026-03-23,0.0,0.0,0.0,0.0,0.0
In Stock,ACTIVE,0.7390000000000001,487.0,4.2,116.0,157.0,6.0,0.0,True,,4.4,13115.0,4.2,,,3.0,Fresh Step,,"B01DUZZ59C (Fresh Step Drawstring Litter Box Liners Scented, Jumbo Size, 36"" x 19"" - 7 Count)",[],True,True,True,False,Litter Accessories,15603.0,B01DUZZ59C,2026-03-22,0.0,0.0,0.0,0.0,0.0
In Stock,ACTIVE,0.6859999999999999,339.0,4.19,81.0,118.0,6.0,0.0,True,,4.4,13112.0,4.2,,,3.0,Fresh Step,,"B01DUZZ59C (Fresh Step Drawstring Litter Box Liners Scented, Jumbo Size, 36"" x 19"" - 7 Count)",[],True,True,True,False,Litter Accessories,15517.0,B01DUZZ59C,2026-03-21,0.0,0.0,0.0,0.0,0.0
In Stock,ACTIVE,0.57,273.0,4.2,65.0,114.0,6.0,0.0,True,,4.4,13112.0,4.2,,,3.0,Fresh Step,,"B01DUZZ59C (Fresh Step Drawstring Litter Box Liners Scented, Jumbo Size, 36"" x 19"" - 7 Count)",[],True,True,True,False,Litter Accessories,13893.0,B01DUZZ59C,2026-03-20,0.0,0.0,0.0,0.0,0.0
In Stock,ACTIVE,0.504,252.0,4.2,60.0,119.0,6.0,0.0,True,,4.4,13111.0,4.2,,,3.0,Fresh Step,,"B01DUZZ59C (Fresh Step Drawstring Litter Box Liners Scented, Jumbo Size, 36"" x 19"" - 7 Count)",[],True,True,True,False,Litter Accessories,11251.0,B01DUZZ59C,2026-03-19,0.0,0.0,0.0,0.0,0.0
In Stock,ACTIVE,0.451,252.0,4.2,60.0,133.0,6.0,0.0,True,,4.4,13108.0,4.2,,,3.0,Fresh Step,,"B01DUZZ59C (Fresh Step Drawstring Litter Box Liners Scented, Jumbo Size, 36"" x 19"" - 7 Count)",[],True,True,True,False,Litter Accessories,11400.0,B01DUZZ59C,2026-03-18,0.0,0.0,0.0,0.0,0.0
In Stock,ACTIVE,0.765,314.0,4.19,75.0,98.0,6.0,0.0,True,,4.4,13103.0,4.2,,,3.0,Fresh Step,,"B01DUZZ59C (Fresh Step Drawstring Litter Box Liners Scented, Jumbo Size, 36"" x 19"" - 7 Count)",[],True,True,True,False,Litter Accessories,15185.0,B01DUZZ59C,2026-03-17,0.0,0.0,0.0,0.0,0.0
In Stock,ACTIVE,0.5489999999999999,305.0,4.17,73.0,133.0,6.0,0.0,True,,4.4,13103.0,4.2,,,3.0,Fresh Step,,"B01DUZZ59C (Fresh Step Drawstring Litter Box Liners Scented, Jumbo Size, 36"" x 19"" - 7 Count)",[],True,True,True,False,Litter Accessories,14710.0,B01DUZZ59C,2026-03-16,0.0,0.0,0.0,0.0,0.0
In Stock,ACTIVE,0.536,340.0,4.2,81.0,151.0,6.0,0.0,True,,4.4,13103.0,4.2,,,3.0,Fresh Step,,"B01DUZZ59C (Fresh Step Drawstring Litter Box Liners Scented, Jumbo Size, 36"" x 19"" - 7 Count)",[],True,True,True,False,Litter Accessories,6248.0,B01DUZZ59C,2026-03-15,0.0,0.0,0.0,0.0,0.0
In Stock,ACTIVE,0.5670000000000001,319.0,4.2,76.0,134.0,6.0,0.0,True,,4.4,13103.0,4.2,,,3.0,Fresh Step,,"B01DUZZ59C (Fresh Step Drawstring Litter Box Liners Scented, Jumbo Size, 36"" x 19"" - 7 Count)",[],True,True,True,False,Litter Accessories,6209.0,B01DUZZ59C,2026-03-14,0.0,0.0,0.0,0.0,0.0
In Stock,ACTIVE,0.442,277.0,4.08,68.0,154.0,6.0,0.0,True,,4.4,13102.0,4.2,,,3.0,Fresh Step,,"B01DUZZ59C (Fresh Step Drawstring Litter Box Liners Scented, Jumbo Size, 36"" x 19"" - 7 Count)",[],True,True,True,False,Litter Accessories,6251.0,B01DUZZ59C,2026-03-13,0.0,0.0,0.0,0.0,0.0
In Stock,ACTIVE,0.473,298.0,4.2,71.0,150.0,6.0,0.0,True,,4.4,13100.0,4.2,,,3.0,Fresh Step,,"B01DUZZ59C (Fresh Step Drawstring Litter Box Liners Scented, Jumbo Size, 36"" x 19"" - 7 Count)",[],True,True,True,False,Litter Accessories,6240.0,B01DUZZ59C,2026-03-12,0.0,0.0,0.0,0.0,0.0
In Stock,ACTIVE,0.565,294.0,4.2,70.0,124.0,6.0,0.0,True,,4.4,13098.0,4.2,,,3.0,Fresh Step,,"B01DUZZ59C (Fresh Step Drawstring Litter Box Liners Scented, Jumbo Size, 36"" x 19"" - 7 Count)",[],True,True,True,False,Litter Accessories,6311.0,B01DUZZ59C,2026-03-11,0.0,0.0,0.0,0.0,0.0
In Stock,ACTIVE,0.492,256.0,4.2,61.0,124.0,6.0,0.0,True,,4.4,13093.0,4.2,0.0,,3.0,Fresh Step,,"B01DUZZ59C (Fresh Step Drawstring Litter Box Liners Scented, Jumbo Size, 36"" x 19"" - 7 Count)",[],True,True,True,False,Litter Accessories,6265.0,B01DUZZ59C,2026-03-10,0.0,0.0,0.0,1.0,0.0
In Stock,ACTIVE,0.685,309.0,4.17,74.0,108.0,6.0,0.0,True,,4.4,13091.0,4.2,,,3.0,Fresh Step,,"B01DUZZ59C (Fresh Step Drawstring Litter Box Liners Scented, Jumbo Size, 36"" x 19"" - 7 Count)",[],True,True,True,False,Litter Accessories,6355.0,B01DUZZ59C,2026-03-09,0.0,0.0,0.0,0.0,0.0
In Stock,ACTIVE,0.462,302.0,4.2,72.0,156.0,6.0,0.0,True,,4.4,13089.0,4.2,0.0,,3.0,Fresh Step,,"B01DUZZ59C (Fresh Step Drawstring Litter Box Liners Scented, Jumbo Size, 36"" x 19"" - 7 Count)",[],True,True,True,False,Litter Accessories,6195.0,B01DUZZ59C,2026-03-08,0.0,0.0,0.0,12.0,0.0
In Stock,ACTIVE,0.556,357.0,4.2,85.0,153.0,6.0,0.0,True,,4.4,13090.0,4.2,,,3.0,Fresh Step,,"B01DUZZ59C (Fresh Step Drawstring Litter Box Liners Scented, Jumbo Size, 36"" x 19"" - 7 Count)",[],True,True,True,False,Litter Accessories,6093.0,B01DUZZ59C,2026-03-07,0.0,0.0,0.0,0.0,0.0
In Stock,ACTIVE,0.529,265.0,4.2,63.0,119.0,6.0,0.0,True,,4.4,13087.0,4.2,0.0,,3.0,Fresh Step,,"B01DUZZ59C (Fresh Step Drawstring Litter Box Liners Scented, Jumbo Size, 36"" x 19"" - 7 Count)",[],True,True,True,False,Litter Accessories,6152.0,B01DUZZ59C,2026-03-06,0.0,0.0,0.0,6.0,0.0
In Stock,ACTIVE,0.617,298.0,4.2,71.0,115.0,6.0,0.0,True,,4.4,13081.0,4.2,,,3.0,Fresh Step,,"B01DUZZ59C (Fresh Step Drawstring Litter Box Liners Scented, Jumbo Size, 36"" x 19"" - 7 Count)",[],True,True,True,False,Litter Accessories,6047.0,B01DUZZ59C,2026-03-05,0.0,0.0,0.0,0.0,0.0
In Stock,ACTIVE,0.792,433.0,4.2,103.0,130.0,6.0,0.0,True,,4.4,13078.0,4.2,,,3.0,Fresh Step,,"B01DUZZ59C (Fresh Step Drawstring Litter Box Liners Scented, Jumbo Size, 36"" x 19"" - 7 Count)",[],True,True,True,False,Litter Accessories,6134.0,B01DUZZ59C,2026-03-04,0.0,0.0,0.0,0.0,0.0
In Stock,ACTIVE,0.591,336.0,4.31,78.0,132.0,6.0,0.0,True,,4.4,13077.0,4.2,,,3.0,Fresh Step,,"B01DUZZ59C (Fresh Step Drawstring Litter Box Liners Scented, Jumbo Size, 36"" x 19"" - 7 Count)",[],True,True,True,False,Litter Accessories,6480.0,B01DUZZ59C,2026-03-03,0.0,0.0,0.0,0.0,0.0
In Stock,ACTIVE,0.54,370.0,4.2,88.0,163.0,6.0,0.0,True,,4.4,13065.0,4.2,,,3.0,Fresh Step,,"B01DUZZ59C (Fresh Step Drawstring Litter Box Liners Scented, Jumbo Size, 36"" x 19"" - 7 Count)",[],True,True,True,False,Litter Accessories,7448.0,B01DUZZ59C,2026-03-02,0.0,0.0,0.0,0.0,0.0
In Stock,ACTIVE,0.402,311.0,4.2,74.0,184.0,6.0,0.0,True,,4.4,13063.0,4.2,,,3.0,Fresh Step,,"B01DUZZ59C (Fresh Step Drawstring Litter Box Liners Scented, Jumbo Size, 36"" x 19"" - 7 Count)",[],True,True,True,False,Litter Accessories,6240.0,B01DUZZ59C,2026-03-01,0.0,0.0,0.0,0.0,0.0
In Stock,ACTIVE,0.414,359.0,4.28,84.0,203.0,6.0,0.0,True,,4.4,13055.0,4.2,0.0,,3.0,Fresh Step,,"B01DUZZ59C (Fresh Step Drawstring Litter Box Liners Scented, Jumbo Size, 36"" x 19"" - 7 Count)",[],True,True,True,False,Litter Accessories,6344.0,B01DUZZ59C,2026-02-28,0.0,0.0,0.0,1.0,0.0
In Stock,ACTIVE,0.6920000000000001,348.0,4.19,83.0,120.0,6.0,0.0,True,,4.4,13051.0,4.2,,,3.0,Fresh Step,,"B01DUZZ59C (Fresh Step Drawstring Litter Box Liners Scented, Jumbo Size, 36"" x 19"" - 7 Count)",[],True,True,True,False,Litter Accessories,6407.0,B01DUZZ59C,2026-02-27,0.0,0.0,0.0,0.0,0.0
In Stock,ACTIVE,0.517,311.0,4.2,74.0,143.0,6.0,0.0,True,,4.4,13044.0,4.2,,,3.0,Fresh Step,,"B01DUZZ59C (Fresh Step Drawstring Litter Box Liners Scented, Jumbo Size, 36"" x 19"" - 7 Count)",[],True,True,True,False,Litter Accessories,6493.0,B01DUZZ59C,2026-02-26,0.0,0.0,0.0,0.0,0.0
In Stock,ACTIVE,0.547,269.0,4.2,64.0,117.0,6.0,0.0,True,,4.4,13038.0,4.2,,,3.0,Fresh Step,,"B01DUZZ59C (Fresh Step Drawstring Litter Box Liners Scented, Jumbo Size, 36"" x 19"" - 7 Count)",[],True,True,True,False,Litter Accessories,6570.0,B01DUZZ59C,2026-02-25,0.0,0.0,0.0,0.0,0.0
In Stock,ACTIVE,0.531,286.0,4.2,68.0,128.0,6.0,0.0,True,,4.4,13034.0,4.2,,,3.0,Fresh Step,,"B01DUZZ59C (Fresh Step Drawstring Litter Box Liners Scented, Jumbo Size, 36"" x 19"" - 7 Count)",[],True,True,True,False,Litter Accessories,6675.0,B01DUZZ59C,2026-02-24,0.0,0.0,0.0,0.0,0.0
In Stock,ACTIVE,0.629,328.0,4.2,78.0,124.0,6.0,0.0,True,,4.4,13027.0,4.2,,,3.0,Fresh Step,,"B01DUZZ59C (Fresh Step Drawstring Litter Box Liners Scented, Jumbo Size, 36"" x 19"" - 7 Count)",[],True,True,True,False,Litter Accessories,6762.0,B01DUZZ59C,2026-02-23,0.0,0.0,0.0,0.0,0.0
In Stock,ACTIVE,0.44,307.0,4.2,73.0,166.0,6.0,0.0,True,,4.4,13023.0,4.2,,,3.0,Fresh Step,,"B01DUZZ59C (Fresh Step Drawstring Litter Box Liners Scented, Jumbo Size, 36"" x 19"" - 7 Count)",[],True,True,True,False,Litter Accessories,6831.0,B01DUZZ59C,2026-02-22,0.0,0.0,0.0,0.0,0.0
In Stock,ACTIVE,0.517,374.0,4.2,89.0,172.0,6.0,0.0,True,,4.4,13021.0,4.2,,,3.0,Fresh Step,,"B01DUZZ59C (Fresh Step Drawstring Litter Box Liners Scented, Jumbo Size, 36"" x 19"" - 7 Count)",[],True,True,True,False,Litter Accessories,6904.0,B01DUZZ59C,2026-02-21,0.0,0.0,0.0,0.0,0.0
In Stock,ACTIVE,0.619,361.0,4.2,86.0,139.0,6.0,0.0,True,,4.4,12999.0,4.2,,,3.0,Fresh Step,,"B01DUZZ59C (Fresh Step Drawstring Litter Box Liners Scented, Jumbo Size, 36"" x 19"" - 7 Count)",[],True,True,True,False,Litter Accessories,6967.0,B01DUZZ59C,2026-02-20,0.0,0.0,0.0,0.0,0.0
In Stock,ACTIVE,0.465,331.0,4.19,79.0,170.0,6.0,0.0,True,,4.4,12999.0,4.2,,,3.0,Fresh Step,,"B01DUZZ59C (Fresh Step Drawstring Litter Box Liners Scented, Jumbo Size, 36"" x 19"" - 7 Count)",[],True,True,True,False,Litter Accessories,7005.0,B01DUZZ59C,2026-02-19,0.0,0.0,0.0,0.0,0.0
In Stock,ACTIVE,0.6809999999999999,402.0,4.19,96.0,141.0,6.0,0.0,True,,4.4,12999.0,4.2,,,3.0,Fresh Step,,"B01DUZZ59C (Fresh Step Drawstring Litter Box Liners Scented, Jumbo Size, 36"" x 19"" - 7 Count)",[],True,True,True,False,Litter Accessories,7103.0,B01DUZZ59C,2026-02-18,0.0,0.0,0.0,0.0,0.0
In Stock,ACTIVE,0.65,319.0,4.2,76.0,117.0,6.0,0.0,True,,4.4,12999.0,4.2,,,3.0,Fresh Step,,"B01DUZZ59C (Fresh Step Drawstring Litter Box Liners Scented, Jumbo Size, 36"" x 19"" - 7 Count)",[],True,True,True,False,Litter Accessories,7182.0,B01DUZZ59C,2026-02-17,0.0,0.0,0.0,0.0,0.0
In Stock,ACTIVE,0.6709999999999999,422.0,4.14,102.0,152.0,6.0,0.0,True,,4.4,12999.0,4.2,,,3.0,Fresh Step,,"B01DUZZ59C (Fresh Step Drawstring Litter Box Liners Scented, Jumbo Size, 36"" x 19"" - 7 Count)",[],True,True,True,False,Litter Accessories,7232.0,B01DUZZ59C,2026-02-16,0.0,0.0,0.0,0.0,0.0
In Stock,ACTIVE,0.743,521.0,4.2,124.0,167.0,6.0,0.0,True,,4.4,12999.0,4.2,,,3.0,Fresh Step,,"B01DUZZ59C (Fresh Step Drawstring Litter Box Liners Scented, Jumbo Size, 36"" x 19"" - 7 Count)",[],True,True,True,False,Litter Accessories,7300.0,B01DUZZ59C,2026-02-15,0.0,0.0,0.0,0.0,0.0
In Stock,ACTIVE,0.493,286.0,4.2,68.0,138.0,6.0,0.0,False,,4.4,12995.0,4.2,,,3.0,Fresh Step,,"B01DUZZ59C (Fresh Step Drawstring Litter Box Liners Scented, Jumbo Size, 36"" x 19"" - 7 Count)",[],True,True,True,False,Litter Accessories,7366.0,B01DUZZ59C,2026-02-14,0.0,0.0,0.0,0.0,0.0
In Stock,ACTIVE,0.525,260.0,4.2,62.0,118.0,6.0,0.0,True,,4.4,12990.0,4.2,,,3.0,Fresh Step,,"B01DUZZ59C (Fresh Step Drawstring Litter Box Liners Scented, Jumbo Size, 36"" x 19"" - 7 Count)",[],True,True,True,False,Litter Accessories,7448.0,B01DUZZ59C,2026-02-13,0.0,0.0,0.0,0.0,0.0
In Stock,ACTIVE,0.545,281.0,4.2,67.0,123.0,6.0,0.0,True,,4.4,12987.0,4.2,,,3.0,Fresh Step,,"B01DUZZ59C (Fresh Step Drawstring Litter Box Liners Scented, Jumbo Size, 36"" x 19"" - 7 Count)",[],True,True,True,False,Litter Accessories,7478.0,B01DUZZ59C,2026-02-12,0.0,0.0,0.0,0.0,0.0
In Stock,ACTIVE,0.6609999999999999,302.0,4.2,72.0,109.0,6.0,0.0,True,,4.4,12985.0,4.2,,,3.0,Fresh Step,,"B01DUZZ59C (Fresh Step Drawstring Litter Box Liners Scented, Jumbo Size, 36"" x 19"" - 7 Count)",[],True,True,True,False,Litter Accessories,7624.0,B01DUZZ59C,2026-02-11,0.0,0.0,0.0,0.0,0.0
In Stock,ACTIVE,0.6859999999999999,301.0,4.19,72.0,105.0,6.0,0.0,True,,4.4,13036.0,4.2,,,3.0,Fresh Step,,"B01DUZZ59C (Fresh Step Drawstring Litter Box Liners Scented, Jumbo Size, 36"" x 19"" - 7 Count)",[],True,True,True,False,Litter Accessories,7659.0,B01DUZZ59C,2026-02-10,0.0,0.0,0.0,0.0,0.0
In Stock,ACTIVE,0.826,390.0,4.33,90.0,109.0,6.0,0.0,True,,4.4,13032.0,4.2,,,3.0,Fresh Step,,"B01DUZZ59C (Fresh Step Drawstring Litter Box Liners Scented, Jumbo Size, 36"" x 19"" - 7 Count)",[],True,True,True,False,Litter Accessories,7440.0,B01DUZZ59C,2026-02-09,0.0,0.0,0.0,0.0,0.0
In Stock,ACTIVE,0.613,319.0,4.2,76.0,124.0,6.0,0.0,True,,4.4,13032.0,4.2,,,3.0,Fresh Step,,"B01DUZZ59C (Fresh Step Drawstring Litter Box Liners Scented, Jumbo Size, 36"" x 19"" - 7 Count)",[],True,True,True,False,Litter Accessories,7353.0,B01DUZZ59C,2026-02-08,0.0,0.0,0.0,0.0,0.0
In Stock,ACTIVE,0.633,391.0,4.2,93.0,147.0,6.0,0.0,True,,4.4,13031.0,4.2,,,3.0,Fresh Step,,"B01DUZZ59C (Fresh Step Drawstring Litter Box Liners Scented, Jumbo Size, 36"" x 19"" - 7 Count)",[],True,True,True,False,Litter Accessories,7654.0,B01DUZZ59C,2026-02-07,0.0,0.0,0.0,0.0,0.0
In Stock,ACTIVE,0.619,361.0,4.2,86.0,139.0,6.0,0.0,True,,4.4,13030.0,4.2,,,3.0,Fresh Step,,"B01DUZZ59C (Fresh Step Drawstring Litter Box Liners Scented, Jumbo Size, 36"" x 19"" - 7 Count)",[],True,True,True,False,Litter Accessories,7766.0,B01DUZZ59C,2026-02-06,0.0,0.0,0.0,0.0,0.0
In Stock,ACTIVE,0.402,223.0,4.2,53.0,132.0,6.0,0.0,True,,4.4,13025.0,4.2,,,3.0,Fresh Step,,"B01DUZZ59C (Fresh Step Drawstring Litter Box Liners Scented, Jumbo Size, 36"" x 19"" - 7 Count)",[],True,True,True,False,Litter Accessories,7765.0,B01DUZZ59C,2026-02-05,0.0,0.0,0.0,0.0,0.0
In Stock,ACTIVE,0.669,374.0,4.2,89.0,133.0,6.0,0.0,True,,4.4,13026.0,4.2,,,3.0,Fresh Step,,"B01DUZZ59C (Fresh Step Drawstring Litter Box Liners Scented, Jumbo Size, 36"" x 19"" - 7 Count)",[],True,True,True,False,Litter Accessories,7498.0,B01DUZZ59C,2026-02-04,0.0,0.0,0.0,0.0,0.0
In Stock,ACTIVE,0.49,323.0,4.2,77.0,157.0,6.0,0.0,True,,4.4,13025.0,4.2,,,3.0,Fresh Step,,"B01DUZZ59C (Fresh Step Drawstring Litter Box Liners Scented, Jumbo Size, 36"" x 19"" - 7 Count)",[],True,True,True,False,Litter Accessories,7695.0,B01DUZZ59C,2026-02-03,0.0,0.0,0.0,0.0,0.0
In Stock,ACTIVE,0.483,292.0,4.17,70.0,145.0,6.0,0.0,True,,4.4,13025.0,4.2,,,3.0,Fresh Step,,"B01DUZZ59C (Fresh Step Drawstring Litter Box Liners Scented, Jumbo Size, 36"" x 19"" - 7 Count)",[],True,True,True,False,Litter Accessories,7112.0,B01DUZZ59C,2026-02-02,0.0,0.0,0.0,0.0,0.0
In Stock,ACTIVE,0.636,399.0,4.16,96.0,151.0,18.0,0.0,True,,4.4,13022.0,4.2,,,3.0,Fresh Step,,"B01DUZZ59C (Fresh Step Drawstring Litter Box Liners Scented, Jumbo Size, 36"" x 19"" - 7 Count)",[],True,True,True,False,Litter Accessories,7252.0,B01DUZZ59C,2026-02-01,0.0,0.0,0.0,0.0,0.0
In Stock,ACTIVE,0.396,231.0,4.2,55.0,139.0,6.0,0.0,True,,4.4,13021.0,4.2,,,3.0,Fresh Step,,"B01DUZZ59C (Fresh Step Drawstring Litter Box Liners Scented, Jumbo Size, 36"" x 19"" - 7 Count)",[],True,True,True,False,Litter Accessories,7300.0,B01DUZZ59C,2026-01-31,0.0,0.0,0.0,0.0,0.0
In Stock,ACTIVE,0.5720000000000001,322.0,4.08,79.0,138.0,6.0,0.0,True,,4.4,13016.0,4.2,,,3.0,Fresh Step,,"B01DUZZ59C (Fresh Step Drawstring Litter Box Liners Scented, Jumbo Size, 36"" x 19"" - 7 Count)",[],True,True,True,False,Litter Accessories,7425.0,B01DUZZ59C,2026-01-30,0.0,0.0,0.0,0.0,0.0
In Stock,ACTIVE,0.323,274.0,4.22,65.0,201.0,6.0,0.0,True,,4.4,13015.0,4.2,,,3.0,Fresh Step,,"B01DUZZ59C (Fresh Step Drawstring Litter Box Liners Scented, Jumbo Size, 36"" x 19"" - 7 Count)",[],True,True,True,False,Litter Accessories,7475.0,B01DUZZ59C,2026-01-29,0.0,0.0,0.0,0.0,0.0
In Stock,ACTIVE,0.525,312.0,4.27,73.0,139.0,6.0,0.0,True,,4.4,13010.0,4.2,,,3.0,Fresh Step,,"B01DUZZ59C (Fresh Step Drawstring Litter Box Liners Scented, Jumbo Size, 36"" x 19"" - 7 Count)",[],True,True,True,False,Litter Accessories,7567.0,B01DUZZ59C,2026-01-28,0.0,0.0,0.0,0.0,0.0
In Stock,ACTIVE,0.527,328.0,4.2,78.0,148.0,6.0,0.0,True,,4.4,13008.0,4.2,,,3.0,Fresh Step,,"B01DUZZ59C (Fresh Step Drawstring Litter Box Liners Scented, Jumbo Size, 36"" x 19"" - 7 Count)",[],True,True,True,False,Litter Accessories,7692.0,B01DUZZ59C,2026-01-27,0.0,0.0,0.0,0.0,0.0
In Stock,ACTIVE,0.621,376.0,4.18,90.0,145.0,6.0,0.0,True,,4.4,13009.0,4.2,,,3.0,Fresh Step,,"B01DUZZ59C (Fresh Step Drawstring Litter Box Liners Scented, Jumbo Size, 36"" x 19"" - 7 Count)",[],True,True,True,False,Litter Accessories,7687.0,B01DUZZ59C,2026-01-26,0.0,0.0,0.0,0.0,0.0
In Stock,ACTIVE,0.535,321.0,4.17,77.0,144.0,6.0,0.0,True,,4.4,13005.0,4.2,,,3.0,Fresh Step,,"B01DUZZ59C (Fresh Step Drawstring Litter Box Liners Scented, Jumbo Size, 36"" x 19"" - 7 Count)",[],True,True,True,False,Litter Accessories,7854.0,B01DUZZ59C,2026-01-25,0.0,0.0,0.0,0.0,0.0
In Stock,ACTIVE,0.38,239.0,4.2,57.0,150.0,6.0,0.0,True,,4.4,13003.0,4.2,,,3.0,Fresh Step,,"B01DUZZ59C (Fresh Step Drawstring Litter Box Liners Scented, Jumbo Size, 36"" x 19"" - 7 Count)",[],True,True,True,False,Litter Accessories,7893.0,B01DUZZ59C,2026-01-24,0.0,0.0,0.0,0.0,0.0
In Stock,ACTIVE,0.474,340.0,4.2,81.0,171.0,6.0,0.0,True,,4.4,12999.0,4.2,,,3.0,Fresh Step,,"B01DUZZ59C (Fresh Step Drawstring Litter Box Liners Scented, Jumbo Size, 36"" x 19"" - 7 Count)",[],True,True,True,False,Litter Accessories,7958.0,B01DUZZ59C,2026-01-23,0.0,0.0,0.0,0.0,0.0
Not Buyable,ACTIVE,0.606,360.0,4.19,86.0,142.0,6.0,0.0,True,,,,3.57,,,3.0,Fresh Step,,"B01DUZZ59C (Fresh Step Drawstring Litter Box Liners Scented, Jumbo Size, 36"" x 19"" - 7 Count)",[],True,True,True,False,Litter Accessories,8000.0,B01DUZZ59C,2026-01-22,,,,,
In Stock,ACTIVE,0.5579999999999999,382.0,4.2,91.0,163.0,6.0,0.0,True,,4.4,12998.0,4.2,,,3.0,Fresh Step,,"B01DUZZ59C (Fresh Step Drawstring Litter Box Liners Scented, Jumbo Size, 36"" x 19"" - 7 Count)",[],True,True,True,False,Litter Accessories,8083.0,B01DUZZ59C,2026-01-21,0.0,0.0,0.0,0.0,0.0
In Stock,ACTIVE,0.411,214.0,4.2,51.0,124.0,6.0,0.0,True,,4.4,12995.0,4.2,,,3.0,Fresh Step,,"B01DUZZ59C (Fresh Step Drawstring Litter Box Liners Scented, Jumbo Size, 36"" x 19"" - 7 Count)",[],True,True,True,False,Litter Accessories,8166.0,B01DUZZ59C,2026-01-20,0.0,0.0,0.0,0.0,0.0
In Stock,ACTIVE,0.452,354.0,4.17,85.0,188.0,6.0,0.0,True,,4.4,12990.0,4.2,,,3.0,Fresh Step,,"B01DUZZ59C (Fresh Step Drawstring Litter Box Liners Scented, Jumbo Size, 36"" x 19"" - 7 Count)",[],True,True,True,False,Litter Accessories,7882.0,B01DUZZ59C,2026-01-19,0.0,0.0,0.0,0.0,0.0
In Stock,ACTIVE,0.402,328.0,4.2,78.0,194.0,6.0,0.0,True,,4.4,12989.0,4.2,,,3.0,Fresh Step,,"B01DUZZ59C (Fresh Step Drawstring Litter Box Liners Scented, Jumbo Size, 36"" x 19"" - 7 Count)",[],True,True,True,False,Litter Accessories,7900.0,B01DUZZ59C,2026-01-18,0.0,0.0,0.0,0.0,0.0
In Stock,ACTIVE,0.36,269.0,4.2,64.0,178.0,6.0,0.0,True,,4.4,12984.0,4.2,,,3.0,Fresh Step,,"B01DUZZ59C (Fresh Step Drawstring Litter Box Liners Scented, Jumbo Size, 36"" x 19"" - 7 Count)",[],True,True,True,False,Litter Accessories,8034.0,B01DUZZ59C,2026-01-17,0.0,0.0,0.0,0.0,0.0
In Stock,ACTIVE,0.485,398.0,4.15,96.0,198.0,6.0,0.0,True,,4.4,12982.0,4.2,,,3.0,Fresh Step,,"B01DUZZ59C (Fresh Step Drawstring Litter Box Liners Scented, Jumbo Size, 36"" x 19"" - 7 Count)",[],True,True,True,False,Litter Accessories,8003.0,B01DUZZ59C,2026-01-16,0.0,0.0,0.0,0.0,0.0
In Stock,ACTIVE,0.407,322.0,4.18,77.0,189.0,6.0,0.0,True,,4.4,12980.0,4.2,,,3.0,Fresh Step,,"B01DUZZ59C (Fresh Step Drawstring Litter Box Liners Scented, Jumbo Size, 36"" x 19"" - 7 Count)",[],True,True,True,False,Litter Accessories,7121.0,B01DUZZ59C,2026-01-15,0.0,0.0,0.0,0.0,0.0
In Stock,ACTIVE,0.54,370.0,4.2,88.0,163.0,6.0,0.0,True,,4.4,12980.0,4.2,,,3.0,Fresh Step,,"B01DUZZ59C (Fresh Step Drawstring Litter Box Liners Scented, Jumbo Size, 36"" x 19"" - 7 Count)",[],True,True,True,False,Litter Accessories,7231.0,B01DUZZ59C,2026-01-14,0.0,0.0,0.0,0.0,0.0
In Stock,ACTIVE,0.351,273.0,4.2,65.0,185.0,6.0,0.0,True,,4.4,12979.0,4.2,,,3.0,Fresh Step,,"B01DUZZ59C (Fresh Step Drawstring Litter Box Liners Scented, Jumbo Size, 36"" x 19"" - 7 Count)",[],True,True,True,False,Litter Accessories,7302.0,B01DUZZ59C,2026-01-13,0.0,0.0,0.0,0.0,0.0
In Stock,ACTIVE,0.436,385.0,4.19,92.0,211.0,6.0,0.0,True,,4.4,12978.0,4.2,,,3.0,Fresh Step,,"B01DUZZ59C (Fresh Step Drawstring Litter Box Liners Scented, Jumbo Size, 36"" x 19"" - 7 Count)",[],True,True,True,False,Litter Accessories,7403.0,B01DUZZ59C,2026-01-12,0.0,0.0,0.0,0.0,0.0
In Stock,ACTIVE,0.384,340.0,4.2,81.0,211.0,6.0,0.0,True,,4.4,12982.0,4.2,,,3.0,Fresh Step,,"B01DUZZ59C (Fresh Step Drawstring Litter Box Liners Scented, Jumbo Size, 36"" x 19"" - 7 Count)",[],True,True,True,False,Litter Accessories,7508.0,B01DUZZ59C,2026-01-11,0.0,0.0,0.0,0.0,0.0
In Stock,ACTIVE,0.314,252.0,4.2,60.0,191.0,6.0,0.0,True,,4.4,12980.0,4.2,,,3.0,Fresh Step,,"B01DUZZ59C (Fresh Step Drawstring Litter Box Liners Scented, Jumbo Size, 36"" x 19"" - 7 Count)",[],True,True,True,False,Litter Accessories,7543.0,B01DUZZ59C,2026-01-10,0.0,0.0,0.0,0.0,0.0
In Stock,ACTIVE,0.366,296.0,4.17,71.0,194.0,6.0,0.0,True,,4.4,12976.0,4.2,,,3.0,Fresh Step,,"B01DUZZ59C (Fresh Step Drawstring Litter Box Liners Scented, Jumbo Size, 36"" x 19"" - 7 Count)",[],True,True,True,False,Litter Accessories,7686.0,B01DUZZ59C,2026-01-09,0.0,0.0,0.0,0.0,0.0
In Stock,ACTIVE,0.509,365.0,4.2,87.0,171.0,7.0,0.0,True,,4.4,12973.0,4.2,,,3.0,Fresh Step,,"B01DUZZ59C (Fresh Step Drawstring Litter Box Liners Scented, Jumbo Size, 36"" x 19"" - 7 Count)",[],True,True,True,False,Litter Accessories,7761.0,B01DUZZ59C,2026-01-08,0.0,0.0,0.0,0.0,0.0
In Stock,ACTIVE,0.418,323.0,4.2,77.0,184.0,7.0,0.0,True,,4.4,12972.0,4.2,,,3.0,Fresh Step,,"B01DUZZ59C (Fresh Step Drawstring Litter Box Liners Scented, Jumbo Size, 36"" x 19"" - 7 Count)",[],True,True,True,False,Litter Accessories,7893.0,B01DUZZ59C,2026-01-07,0.0,0.0,0.0,0.0,0.0
In Stock,ACTIVE,0.503,343.0,4.19,82.0,163.0,7.0,0.0,True,,4.4,12972.0,4.2,,,3.0,Fresh Step,,"B01DUZZ59C (Fresh Step Drawstring Litter Box Liners Scented, Jumbo Size, 36"" x 19"" - 7 Count)",[],True,True,True,False,Litter Accessories,7938.0,B01DUZZ59C,2026-01-06,0.0,0.0,0.0,0.0,0.0
In Stock,ACTIVE,0.466,315.0,4.2,75.0,161.0,7.0,0.0,True,,4.4,12968.0,4.2,,,3.0,Fresh Step,,"B01DUZZ59C (Fresh Step Drawstring Litter Box Liners Scented, Jumbo Size, 36"" x 19"" - 7 Count)",[],True,True,True,False,Litter Accessories,8036.0,B01DUZZ59C,2026-01-05,0.0,0.0,0.0,0.0,0.0
In Stock,ACTIVE,0.435,310.0,4.19,74.0,170.0,7.0,0.0,True,,4.4,12966.0,4.2,,,3.0,Fresh Step,,"B01DUZZ59C (Fresh Step Drawstring Litter Box Liners Scented, Jumbo Size, 36"" x 19"" - 7 Count)",[],True,True,True,False,Litter Accessories,8092.0,B01DUZZ59C,2026-01-04,0.0,0.0,0.0,0.0,0.0
In Stock,ACTIVE,0.343,248.0,4.2,59.0,172.0,7.0,0.0,True,,4.4,12967.0,4.2,,,3.0,Fresh Step,,"B01DUZZ59C (Fresh Step Drawstring Litter Box Liners Scented, Jumbo Size, 36"" x 19"" - 7 Count)",[],True,True,True,False,Litter Accessories,8209.0,B01DUZZ59C,2026-01-03,0.0,0.0,0.0,0.0,0.0
In Stock,ACTIVE,0.463,369.0,4.19,88.0,190.0,7.0,0.0,True,,4.4,12964.0,4.2,,,3.0,Fresh Step,,"B01DUZZ59C (Fresh Step Drawstring Litter Box Liners Scented, Jumbo Size, 36"" x 19"" - 7 Count)",[],True,True,True,False,Litter Accessories,8289.0,B01DUZZ59C,2026-01-02,0.0,0.0,0.0,0.0,0.0
In Stock,ACTIVE,0.624,487.0,4.2,116.0,186.0,7.0,0.0,True,,4.4,12961.0,4.2,,,3.0,Fresh Step,,"B01DUZZ59C (Fresh Step Drawstring Litter Box Liners Scented, Jumbo Size, 36"" x 19"" - 7 Count)",[],True,False,True,False,Litter Accessories,8421.0,B01DUZZ59C,2026-01-01,0.0,0.0,0.0,0.0,0.0
In Stock,ACTIVE,0.504,250.0,4.17,60.0,119.0,7.0,0.0,True,,4.4,12954.0,4.2,,,3.0,Fresh Step,,"B01DUZZ59C (Fresh Step Drawstring Litter Box Liners Scented, Jumbo Size, 36"" x 19"" - 7 Count)",[],True,True,True,False,Litter Accessories,8435.0,B01DUZZ59C,2025-12-31,0.0,0.0,0.0,0.0,0.0
In Stock,ACTIVE,0.491,340.0,4.2,81.0,165.0,7.0,0.0,True,,4.4,12956.0,4.2,,,3.0,Fresh Step,,"B01DUZZ59C (Fresh Step Drawstring Litter Box Liners Scented, Jumbo Size, 36"" x 19"" - 7 Count)",[],True,True,True,False,Litter Accessories,8472.0,B01DUZZ59C,2025-12-30,0.0,0.0,0.0,0.0,0.0
In Stock,ACTIVE,0.537,399.0,4.2,95.0,177.0,7.0,0.0,True,,4.4,12950.0,4.2,,,3.0,Fresh Step,,"B01DUZZ59C (Fresh Step Drawstring Litter Box Liners Scented, Jumbo Size, 36"" x 19"" - 7 Count)",[],True,True,True,False,Litter Accessories,8518.0,B01DUZZ59C,2025-12-29,0.0,0.0,0.0,0.0,0.0
In Stock,ACTIVE,0.464,403.0,4.2,96.0,207.0,7.0,0.0,True,,4.4,12950.0,4.2,,,3.0,Fresh Step,,"B01DUZZ59C (Fresh Step Drawstring Litter Box Liners Scented, Jumbo Size, 36"" x 19"" - 7 Count)",[],True,True,True,False,Litter Accessories,8667.0,B01DUZZ59C,2025-12-28,0.0,0.0,0.0,0.0,0.0
In Stock,ACTIVE,0.511,398.0,4.19,95.0,186.0,7.0,0.0,True,,4.4,12950.0,4.2,,,3.0,Fresh Step,,"B01DUZZ59C (Fresh Step Drawstring Litter Box Liners Scented, Jumbo Size, 36"" x 19"" - 7 Count)",[],True,True,True,False,Litter Accessories,8776.0,B01DUZZ59C,2025-12-27,0.0,0.0,0.0,0.0,0.0
In Stock,ACTIVE,0.415,327.0,4.19,78.0,188.0,7.0,0.0,True,,4.4,12947.0,4.2,,,3.0,Fresh Step,,"B01DUZZ59C (Fresh Step Drawstring Litter Box Liners Scented, Jumbo Size, 36"" x 19"" - 7 Count)",[],True,True,True,False,Litter Accessories,8853.0,B01DUZZ59C,2025-12-26,0.0,0.0,0.0,0.0,0.0
In Stock,ACTIVE,0.523,193.0,4.2,46.0,88.0,7.0,0.0,True,,4.4,12946.0,4.2,,,3.0,Fresh Step,,"B01DUZZ59C (Fresh Step Drawstring Litter Box Liners Scented, Jumbo Size, 36"" x 19"" - 7 Count)",[],True,True,True,False,Litter Accessories,8966.0,B01DUZZ59C,2025-12-25,0.0,0.0,0.0,0.0,0.0
In Stock,ACTIVE,0.6579999999999999,307.0,4.2,73.0,111.0,7.0,0.0,True,,4.4,12944.0,4.2,0.0,,3.0,Fresh Step,,"B01DUZZ59C (Fresh Step Drawstring Litter Box Liners Scented, Jumbo Size, 36"" x 19"" - 7 Count)",[],True,True,True,False,Litter Accessories,8968.0,B01DUZZ59C,2025-12-24,0.0,0.0,0.0,24.0,0.0
In Stock,ACTIVE,0.444,231.0,4.2,55.0,124.0,7.0,0.0,True,,4.4,12945.0,4.2,0.08333333333333333,0.0,3.0,Fresh Step,3.41,"B01DUZZ59C (Fresh Step Drawstring Litter Box Liners Scented, Jumbo Size, 36"" x 19"" - 7 Count)",[],True,True,True,False,Litter Accessories,8983.0,B01DUZZ59C,2025-12-23,3.41,0.0,1.0,12.0,0.0
In Stock,ACTIVE,0.545,281.0,4.2,67.0,123.0,7.0,0.0,True,,4.4,12943.0,4.2,0.0,,3.0,Fresh Step,,"B01DUZZ59C (Fresh Step Drawstring Litter Box Liners Scented, Jumbo Size, 36"" x 19"" - 7 Count)",[],True,True,True,False,Litter Accessories,8986.0,B01DUZZ59C,2025-12-22,0.0,0.0,0.0,1.0,0.0
In Stock,ACTIVE,0.5589999999999999,378.0,4.2,90.0,161.0,7.0,0.0,True,,4.4,12942.0,4.2,,,3.0,Fresh Step,,"B01DUZZ59C (Fresh Step Drawstring Litter Box Liners Scented, Jumbo Size, 36"" x 19"" - 7 Count)",[],True,True,True,False,Litter Accessories,8964.0,B01DUZZ59C,2025-12-21,0.0,0.0,0.0,0.0,0.0
In Stock,ACTIVE,0.388,277.0,4.2,66.0,170.0,7.0,0.0,True,,4.4,12940.0,4.2,0.0,,3.0,Fresh Step,,"B01DUZZ59C (Fresh Step Drawstring Litter Box Liners Scented, Jumbo Size, 36"" x 19"" - 7 Count)",[],True,True,True,False,Litter Accessories,9028.0,B01DUZZ59C,2025-12-20,0.0,0.0,0.0,1.0,0.0
In Stock,ACTIVE,0.602,336.0,4.2,80.0,133.0,7.0,0.0,True,,4.4,12939.0,4.2,0.0,,3.0,Fresh Step,,"B01DUZZ59C (Fresh Step Drawstring Litter Box Liners Scented, Jumbo Size, 36"" x 19"" - 7 Count)",[],True,True,True,False,Litter Accessories,9111.0,B01DUZZ59C,2025-12-19,0.0,0.0,0.0,3.0,0.0
In Stock,ACTIVE,0.621,365.0,4.19,87.0,140.0,7.0,0.0,True,,4.4,12937.0,4.2,,,3.0,Fresh Step,,"B01DUZZ59C (Fresh Step Drawstring Litter Box Liners Scented, Jumbo Size, 36"" x 19"" - 7 Count)",[],True,True,True,False,Litter Accessories,9161.0,B01DUZZ59C,2025-12-18,0.0,0.0,0.0,0.0,0.0
In Stock,ACTIVE,0.433,284.0,4.17,68.0,157.0,7.0,0.0,True,,4.4,12935.0,4.2,0.0,,3.0,Fresh Step,,"B01DUZZ59C (Fresh Step Drawstring Litter Box Liners Scented, Jumbo Size, 36"" x 19"" - 7 Count)",[],True,True,True,False,Litter Accessories,9149.0,B01DUZZ59C,2025-12-17,0.0,0.0,0.0,1.0,0.0
In Stock,ACTIVE,0.407,239.0,4.2,57.0,140.0,7.0,0.0,True,,4.4,12932.0,4.2,,,3.0,Fresh Step,,"B01DUZZ59C (Fresh Step Drawstring Litter Box Liners Scented, Jumbo Size, 36"" x 19"" - 7 Count)",[],True,True,True,False,Litter Accessories,9147.0,B01DUZZ59C,2025-12-16,0.0,0.0,0.0,0.0,0.0
In Stock,ACTIVE,0.535,357.0,4.2,85.0,159.0,7.0,0.0,True,,4.4,12931.0,4.2,,,3.0,Fresh Step,,"B01DUZZ59C (Fresh Step Drawstring Litter Box Liners Scented, Jumbo Size, 36"" x 19"" - 7 Count)",[],True,True,True,False,Litter Accessories,9042.0,B01DUZZ59C,2025-12-15,0.0,0.0,0.0,0.0,0.0
In Stock,ACTIVE,0.32,231.0,4.2,55.0,172.0,7.0,0.0,True,,4.4,12930.0,4.2,,,3.0,Fresh Step,,"B01DUZZ59C (Fresh Step Drawstring Litter Box Liners Scented, Jumbo Size, 36"" x 19"" - 7 Count)",[],True,True,True,False,Litter Accessories,9036.0,B01DUZZ59C,2025-12-14,0.0,0.0,0.0,0.0,0.0
In Stock,ACTIVE,0.5,275.0,4.11,67.0,134.0,7.0,0.0,True,,4.4,12928.0,4.2,,,3.0,Fresh Step,,"B01DUZZ59C (Fresh Step Drawstring Litter Box Liners Scented, Jumbo Size, 36"" x 19"" - 7 Count)",[],True,True,True,False,Litter Accessories,8915.0,B01DUZZ59C,2025-12-13,0.0,0.0,0.0,0.0,0.0
In Stock,ACTIVE,0.38,206.0,4.2,49.0,129.0,7.0,0.0,True,,4.4,12928.0,4.2,,,3.0,Fresh Step,,"B01DUZZ59C (Fresh Step Drawstring Litter Box Liners Scented, Jumbo Size, 36"" x 19"" - 7 Count)",[],True,True,True,False,Litter Accessories,8846.0,B01DUZZ59C,2025-12-12,0.0,0.0,0.0,0.0,0.0
In Stock,ACTIVE,0.51,311.0,4.2,74.0,145.0,7.0,0.0,True,,4.4,12930.0,4.2,,,3.0,Fresh Step,,"B01DUZZ59C (Fresh Step Drawstring Litter Box Liners Scented, Jumbo Size, 36"" x 19"" - 7 Count)",[],True,True,True,False,Litter Accessories,8779.0,B01DUZZ59C,2025-12-11,0.0,0.0,0.0,0.0,0.0
In Stock,ACTIVE,0.377,206.0,4.2,49.0,130.0,7.0,0.0,True,,4.4,12928.0,4.2,,,3.0,Fresh Step,,"B01DUZZ59C (Fresh Step Drawstring Litter Box Liners Scented, Jumbo Size, 36"" x 19"" - 7 Count)",[],True,True,True,False,Litter Accessories,8725.0,B01DUZZ59C,2025-12-10,0.0,0.0,0.0,0.0,0.0
In Stock,ACTIVE,0.492,273.0,4.2,65.0,132.0,7.0,0.0,True,,4.4,12923.0,4.2,,,3.0,Fresh Step,,"B01DUZZ59C (Fresh Step Drawstring Litter Box Liners Scented, Jumbo Size, 36"" x 19"" - 7 Count)",[],True,True,True,False,Litter Accessories,9119.0,B01DUZZ59C,2025-12-09,0.0,0.0,0.0,0.0,0.0
In Stock,ACTIVE,0.433,311.0,4.2,74.0,171.0,7.0,0.0,True,,4.4,12922.0,4.2,,,3.0,Fresh Step,,"B01DUZZ59C (Fresh Step Drawstring Litter Box Liners Scented, Jumbo Size, 36"" x 19"" - 7 Count)",[],True,True,True,False,Litter Accessories,8878.0,B01DUZZ59C,2025-12-08,0.0,0.0,0.0,0.0,0.0
In Stock,ACTIVE,0.486,378.0,4.2,90.0,185.0,7.0,0.0,True,,4.4,12920.0,4.2,,,3.0,Fresh Step,,"B01DUZZ59C (Fresh Step Drawstring Litter Box Liners Scented, Jumbo Size, 36"" x 19"" - 7 Count)",[],True,True,True,False,Litter Accessories,8754.0,B01DUZZ59C,2025-12-07,0.0,0.0,0.0,0.0,0.0
In Stock,ACTIVE,0.488,340.0,4.2,81.0,166.0,7.0,0.0,True,,4.4,12921.0,4.2,,,3.0,Fresh Step,,"B01DUZZ59C (Fresh Step Drawstring Litter Box Liners Scented, Jumbo Size, 36"" x 19"" - 7 Count)",[],True,True,True,False,Litter Accessories,8851.0,B01DUZZ59C,2025-12-06,0.0,0.0,0.0,0.0,0.0
In Stock,ACTIVE,0.415,286.0,4.2,68.0,164.0,7.0,0.0,True,,4.4,12919.0,4.2,,,3.0,Fresh Step,,"B01DUZZ59C (Fresh Step Drawstring Litter Box Liners Scented, Jumbo Size, 36"" x 19"" - 7 Count)",[],True,True,True,False,Litter Accessories,8951.0,B01DUZZ59C,2025-12-05,0.0,0.0,0.0,0.0,0.0
In Stock,ACTIVE,0.465,336.0,4.2,80.0,172.0,7.0,0.0,True,,4.4,12914.0,4.2,,,3.0,Fresh Step,,"B01DUZZ59C (Fresh Step Drawstring Litter Box Liners Scented, Jumbo Size, 36"" x 19"" - 7 Count)",[],True,True,True,False,Litter Accessories,8967.0,B01DUZZ59C,2025-12-04,0.0,0.0,0.0,0.0,0.0
In Stock,ACTIVE,0.522,302.0,4.2,72.0,138.0,7.0,0.0,True,,4.4,12912.0,4.2,,,3.0,Fresh Step,,"B01DUZZ59C (Fresh Step Drawstring Litter Box Liners Scented, Jumbo Size, 36"" x 19"" - 7 Count)",[],True,True,True,False,Litter Accessories,8717.0,B01DUZZ59C,2025-12-03,0.0,0.0,0.0,0.0,0.0
In Stock,ACTIVE,0.546,319.0,4.15,77.0,141.0,7.0,0.0,True,,4.4,12911.0,4.2,,,3.0,Fresh Step,,"B01DUZZ59C (Fresh Step Drawstring Litter Box Liners Scented, Jumbo Size, 36"" x 19"" - 7 Count)",[],True,True,True,False,Litter Accessories,8745.0,B01DUZZ59C,2025-12-02,0.0,0.0,0.0,0.0,0.0
In Stock,ACTIVE,0.687,466.0,4.16,112.0,163.0,7.0,0.0,True,,4.4,12907.0,4.2,,,3.0,Fresh Step,,"B01DUZZ59C (Fresh Step Drawstring Litter Box Liners Scented, Jumbo Size, 36"" x 19"" - 7 Count)",[],True,True,True,False,Litter Accessories,8673.0,B01DUZZ59C,2025-12-01,0.0,0.0,0.0,0.0,0.0
In Stock,ACTIVE,0.519,340.0,4.25,80.0,154.0,7.0,0.0,True,,4.4,12906.0,4.2,,,3.0,Fresh Step,,"B01DUZZ59C (Fresh Step Drawstring Litter Box Liners Scented, Jumbo Size, 36"" x 19"" - 7 Count)",[],True,True,True,False,Litter Accessories,8554.0,B01DUZZ59C,2025-11-30,0.0,0.0,0.0,0.0,0.0
In Stock,ACTIVE,0.493,290.0,4.2,69.0,140.0,7.0,0.0,True,,4.4,12904.0,4.2,,,3.0,Fresh Step,,"B01DUZZ59C (Fresh Step Drawstring Litter Box Liners Scented, Jumbo Size, 36"" x 19"" - 7 Count)",[],True,True,True,False,Litter Accessories,8308.0,B01DUZZ59C,2025-11-29,0.0,0.0,0.0,0.0,0.0
In Stock,ACTIVE,0.595,419.0,4.19,100.0,168.0,7.0,0.0,True,,4.4,12900.0,4.2,,,3.0,Fresh Step,,"B01DUZZ59C (Fresh Step Drawstring Litter Box Liners Scented, Jumbo Size, 36"" x 19"" - 7 Count)",[],True,True,True,False,Litter Accessories,9208.0,B01DUZZ59C,2025-11-28,0.0,0.0,0.0,0.0,0.0
In Stock,ACTIVE,0.667,276.0,4.18,66.0,99.0,7.0,0.0,True,,4.4,12899.0,4.2,,,3.0,Fresh Step,,"B01DUZZ59C (Fresh Step Drawstring Litter Box Liners Scented, Jumbo Size, 36"" x 19"" - 7 Count)",[],True,True,True,False,Litter Accessories,7954.0,B01DUZZ59C,2025-11-27,0.0,0.0,0.0,0.0,0.0
In Stock,ACTIVE,0.6,265.0,4.2,63.0,105.0,7.0,0.0,True,,4.4,12898.0,4.2,,,3.0,Fresh Step,,"B01DUZZ59C (Fresh Step Drawstring Litter Box Liners Scented, Jumbo Size, 36"" x 19"" - 7 Count)",[],True,True,True,False,Litter Accessories,7731.0,B01DUZZ59C,2025-11-26,0.0,0.0,0.0,0.0,0.0
In Stock,ACTIVE,0.507,290.0,4.2,69.0,136.0,7.0,0.0,True,,4.4,12896.0,4.2,,,3.0,Fresh Step,,"B01DUZZ59C (Fresh Step Drawstring Litter Box Liners Scented, Jumbo Size, 36"" x 19"" - 7 Count)",[],True,True,True,False,Litter Accessories,7378.0,B01DUZZ59C,2025-11-25,0.0,0.0,0.0,0.0,0.0
In Stock,ACTIVE,0.595,396.0,4.21,94.0,158.0,7.0,0.0,True,,4.4,12892.0,4.2,,,3.0,Fresh Step,,"B01DUZZ59C (Fresh Step Drawstring Litter Box Liners Scented, Jumbo Size, 36"" x 19"" - 7 Count)",[],True,True,True,False,Litter Accessories,7387.0,B01DUZZ59C,2025-11-24,0.0,0.0,0.0,0.0,0.0
In Stock,ACTIVE,0.368,344.0,4.2,82.0,223.0,7.0,0.0,True,,4.4,12889.0,4.2,,,3.0,Fresh Step,,"B01DUZZ59C (Fresh Step Drawstring Litter Box Liners Scented, Jumbo Size, 36"" x 19"" - 7 Count)",[],True,True,True,False,Litter Accessories,7362.0,B01DUZZ59C,2025-11-23,0.0,0.0,0.0,0.0,0.0
In Stock,ACTIVE,0.31,276.0,4.18,66.0,213.0,7.0,0.0,True,,4.4,12889.0,4.2,,,3.0,Fresh Step,,"B01DUZZ59C (Fresh Step Drawstring Litter Box Liners Scented, Jumbo Size, 36"" x 19"" - 7 Count)",[],True,True,True,False,Litter Accessories,7489.0,B01DUZZ59C,2025-11-22,,,,,
In Stock,ACTIVE,0.524,420.0,4.2,100.0,191.0,7.0,0.0,True,,4.4,12889.0,4.2,,,3.0,Fresh Step,,"B01DUZZ59C (Fresh Step Drawstring Litter Box Liners Scented, Jumbo Size, 36"" x 19"" - 7 Count)",[],True,True,True,False,Litter Accessories,7580.0,B01DUZZ59C,2025-11-21,,,,,
In Stock,ACTIVE,0.524,407.0,4.2,97.0,185.0,7.0,0.0,True,,4.4,12886.0,4.2,,,3.0,Fresh Step,,"B01DUZZ59C (Fresh Step Drawstring Litter Box Liners Scented, Jumbo Size, 36"" x 19"" - 7 Count)",[],True,True,True,False,Litter Accessories,7669.0,B01DUZZ59C,2025-11-20,,,,,
Not Buyable,ACTIVE,0.55,302.0,4.2,72.0,131.0,7.0,0.0,True,,4.4,12886.0,,,,3.0,Fresh Step,,"B01DUZZ59C (Fresh Step Drawstring Litter Box Liners Scented, Jumbo Size, 36"" x 19"" - 7 Count)",[],False,False,True,False,Litter Accessories,8572.0,B01DUZZ59C,2025-11-19,,,,,
Not Buyable,ACTIVE,21.0,87.0,4.15,21.0,1.0,7.0,0.0,True,,4.4,12882.0,,,,3.0,Fresh Step,,"B01DUZZ59C (Fresh Step Drawstring Litter Box Liners Scented, Jumbo Size, 36"" x 19"" - 7 Count)",[],False,False,True,False,Litter Accessories,7653.0,B01DUZZ59C,2025-11-18,,,,,
Not Buyable,ACTIVE,19.0,239.0,4.2,57.0,3.0,7.0,0.0,True,,4.4,12882.0,,,,4.0,Fresh Step,,"B01DUZZ59C (Fresh Step Drawstring Litter Box Liners Scented, Jumbo Size, 36"" x 19"" - 7 Count)",[],False,False,True,False,Litter Accessories,7664.0,B01DUZZ59C,2025-11-17,,,,,
Not Buyable,ACTIVE,27.0,113.0,4.2,27.0,1.0,7.0,0.0,True,,4.4,12881.0,,,,3.0,Fresh Step,,"B01DUZZ59C (Fresh Step Drawstring Litter Box Liners Scented, Jumbo Size, 36"" x 19"" - 7 Count)",[],False,False,True,False,Litter Accessories,7688.0,B01DUZZ59C,2025-11-16,,,,,
Not Buyable,ACTIVE,3.75,63.0,4.2,15.0,4.0,7.0,0.0,True,,4.4,12878.0,,,,3.0,Fresh Step,,"B01DUZZ59C (Fresh Step Drawstring Litter Box Liners Scented, Jumbo Size, 36"" x 19"" - 7 Count)",[],False,False,True,False,Litter Accessories,7711.0,B01DUZZ59C,2025-11-15,,,,,
In Stock,ACTIVE,4.5,74.0,4.08,18.0,4.0,7.0,0.0,True,,4.4,12875.0,4.2,,,3.0,Fresh Step,,"B01DUZZ59C (Fresh Step Drawstring Litter Box Liners Scented, Jumbo Size, 36"" x 19"" - 7 Count)",[],True,True,True,False,Litter Accessories,7702.0,B01DUZZ59C,2025-11-14,,,,,
In Stock,ACTIVE,0.392,395.0,4.2,94.0,240.0,7.0,0.0,True,,4.4,12875.0,4.2,,,3.0,Fresh Step,,"B01DUZZ59C (Fresh Step Drawstring Litter Box Liners Scented, Jumbo Size, 36"" x 19"" - 7 Count)",[],True,True,True,True,Litter Accessories,7705.0,B01DUZZ59C,2025-11-13,,,,,
In Stock,ACTIVE,0.321,319.0,4.2,76.0,237.0,7.0,0.0,True,,4.4,12872.0,4.2,,,3.0,Fresh Step,,"B01DUZZ59C (Fresh Step Drawstring Litter Box Liners Scented, Jumbo Size, 36"" x 19"" - 7 Count)",[],True,True,True,True,Litter Accessories,7849.0,B01DUZZ59C,2025-11-12,,,,,
In Stock,ACTIVE,0.287,334.0,4.17,80.0,279.0,7.0,0.0,True,,4.4,12872.0,4.2,,,3.0,Fresh Step,,"B01DUZZ59C (Fresh Step Drawstring Litter Box Liners Scented, Jumbo Size, 36"" x 19"" - 7 Count)",[],True,True,True,True,Litter Accessories,7856.0,B01DUZZ59C,2025-11-11,,,,,
In Stock,ACTIVE,0.313,378.0,4.2,90.0,288.0,7.0,0.0,True,,4.4,12870.0,4.2,,,3.0,Fresh Step,,"B01DUZZ59C (Fresh Step Drawstring Litter Box Liners Scented, Jumbo Size, 36"" x 19"" - 7 Count)",[],True,True,True,True,Litter Accessories,7986.0,B01DUZZ59C,2025-11-10,,,,,
In Stock,ACTIVE,0.346,460.0,4.18,110.0,318.0,7.0,0.0,True,,4.4,12866.0,4.2,,,3.0,Fresh Step,,"B01DUZZ59C (Fresh Step Drawstring Litter Box Liners Scented, Jumbo Size, 36"" x 19"" - 7 Count)",[],True,True,True,True,Litter Accessories,8049.0,B01DUZZ59C,2025-11-09,,,,,
In Stock,ACTIVE,0.386,407.0,4.2,97.0,251.0,7.0,0.0,True,,4.4,12866.0,4.2,,,3.0,Fresh Step,,"B01DUZZ59C (Fresh Step Drawstring Litter Box Liners Scented, Jumbo Size, 36"" x 19"" - 7 Count)",[],True,True,True,True,Litter Accessories,8214.0,B01DUZZ59C,2025-11-08,,,,,
In Stock,ACTIVE,0.321,406.0,4.72,86.0,268.0,7.0,0.0,True,,4.4,12859.0,4.2,,,3.0,Fresh Step,,"B01DUZZ59C (Fresh Step Drawstring Litter Box Liners Scented, Jumbo Size, 36"" x 19"" - 7 Count)",[],True,True,True,False,Litter Accessories,8330.0,B01DUZZ59C,2025-11-07,,,,,
Not Buyable,ACTIVE,0.333,399.0,4.2,95.0,285.0,,,False,,,,,,,3.0,Fresh Step,,"B01DUZZ59C (Fresh Step Drawstring Litter Box Liners Scented, Jumbo Size, 36"" x 19"" - 7 Count)",[],False,False,False,False,Litter Accessories,8388.0,B01DUZZ59C,2025-11-06,,,,,
In Stock,ACTIVE,0.361,316.0,4.27,74.0,205.0,7.0,0.0,True,,4.4,12851.0,4.2,,,3.0,Fresh Step,,"B01DUZZ59C (Fresh Step Drawstring Litter Box Liners Scented, Jumbo Size, 36"" x 19"" - 7 Count)",[],True,False,True,False,Litter Accessories,8447.0,B01DUZZ59C,2025-11-05,,,,,
In Stock,ACTIVE,0.373,357.0,4.2,85.0,228.0,7.0,0.0,True,,4.4,12847.0,4.2,,,3.0,Fresh Step,,"B01DUZZ59C (Fresh Step Drawstring Litter Box Liners Scented, Jumbo Size, 36"" x 19"" - 7 Count)",[],True,True,True,False,Litter Accessories,8480.0,B01DUZZ59C,2025-11-04,,,,,
In Stock,ACTIVE,0.639,538.0,4.04,133.0,208.0,7.0,0.0,True,,4.4,12845.0,4.2,,,3.0,Fresh Step,,"B01DUZZ59C (Fresh Step Drawstring Litter Box Liners Scented, Jumbo Size, 36"" x 19"" - 7 Count)",[],True,True,True,False,Litter Accessories,8505.0,B01DUZZ59C,2025-11-03,,,,,
In Stock,ACTIVE,0.381,494.0,4.18,118.0,310.0,7.0,0.0,True,,4.4,12843.0,4.2,,,3.0,Fresh Step,,"B01DUZZ59C (Fresh Step Drawstring Litter Box Liners Scented, Jumbo Size, 36"" x 19"" - 7 Count)",[],True,True,True,False,Litter Accessories,8214.0,B01DUZZ59C,2025-11-02,,,,,
In Stock,ACTIVE,0.431,391.0,4.2,93.0,216.0,7.0,0.0,True,,4.4,12839.0,4.2,,,3.0,Fresh Step,,"B01DUZZ59C (Fresh Step Drawstring Litter Box Liners Scented, Jumbo Size, 36"" x 19"" - 7 Count)",[],True,True,True,False,Litter Accessories,8223.0,B01DUZZ59C,2025-11-01,,,,,
In Stock,ACTIVE,0.418,310.0,4.19,74.0,177.0,7.0,0.0,True,,4.4,12835.0,4.2,,,3.0,Fresh Step,,"B01DUZZ59C (Fresh Step Drawstring Litter Box Liners Scented, Jumbo Size, 36"" x 19"" - 7 Count)",[],True,True,True,False,Litter Accessories,7990.0,B01DUZZ59C,2025-10-31,,,,,
In Stock,ACTIVE,0.427,336.0,4.09,82.0,192.0,7.0,0.0,True,,4.4,12833.0,4.2,,,3.0,Fresh Step,,"B01DUZZ59C (Fresh Step Drawstring Litter Box Liners Scented, Jumbo Size, 36"" x 19"" - 7 Count)",[],True,True,True,False,Litter Accessories,8021.0,B01DUZZ59C,2025-10-30,,,,,
In Stock,ACTIVE,0.312,265.0,4.2,63.0,202.0,7.0,0.0,True,,4.4,12831.0,4.2,,,3.0,Fresh Step,,"B01DUZZ59C (Fresh Step Drawstring Litter Box Liners Scented, Jumbo Size, 36"" x 19"" - 7 Count)",[],True,False,True,False,Litter Accessories,8917.0,B01DUZZ59C,2025-10-29,,,,,
In Stock,ACTIVE,0.382,328.0,4.2,78.0,204.0,7.0,0.0,True,,4.4,12829.0,4.2,,,3.0,Fresh Step,,"B01DUZZ59C (Fresh Step Drawstring Litter Box Liners Scented, Jumbo Size, 36"" x 19"" - 7 Count)",[],True,True,True,False,Litter Accessories,7819.0,B01DUZZ59C,2025-10-28,,,,,
In Stock,ACTIVE,0.399,334.0,4.34,77.0,193.0,7.0,0.0,True,,4.4,12824.0,4.2,,,3.0,Fresh Step,,"B01DUZZ59C (Fresh Step Drawstring Litter Box Liners Scented, Jumbo Size, 36"" x 19"" - 7 Count)",[],True,True,True,False,Litter Accessories,7691.0,B01DUZZ59C,2025-10-27,,,,,
In Stock,ACTIVE,0.382,349.0,4.2,83.0,217.0,7.0,0.0,True,,4.4,12823.0,4.2,,,3.0,Fresh Step,,"B01DUZZ59C (Fresh Step Drawstring Litter Box Liners Scented, Jumbo Size, 36"" x 19"" - 7 Count)",[],True,True,True,False,Litter Accessories,7575.0,B01DUZZ59C,2025-10-26,,,,,
In Stock,ACTIVE,0.315,264.0,4.19,63.0,200.0,7.0,0.0,True,,4.4,12822.0,4.2,,,3.0,Fresh Step,,"B01DUZZ59C (Fresh Step Drawstring Litter Box Liners Scented, Jumbo Size, 36"" x 19"" - 7 Count)",[],True,True,True,False,Litter Accessories,7701.0,B01DUZZ59C,2025-10-25,,,,,
In Stock,ACTIVE,0.452,351.0,4.18,84.0,186.0,7.0,0.0,True,,4.4,12817.0,4.2,,,3.0,Fresh Step,,"B01DUZZ59C (Fresh Step Drawstring Litter Box Liners Scented, Jumbo Size, 36"" x 19"" - 7 Count)",[],True,True,True,False,Litter Accessories,7592.0,B01DUZZ59C,2025-10-24,,,,,
In Stock,ACTIVE,0.393,332.0,4.2,79.0,201.0,7.0,0.0,True,,4.4,12816.0,4.2,,,3.0,Fresh Step,,"B01DUZZ59C (Fresh Step Drawstring Litter Box Liners Scented, Jumbo Size, 36"" x 19"" - 7 Count)",[],True,True,True,False,Litter Accessories,7198.0,B01DUZZ59C,2025-10-23,,,,,
In Stock,ACTIVE,0.594,472.0,4.14,114.0,192.0,7.0,0.0,True,,4.4,12816.0,4.2,,,3.0,Fresh Step,,"B01DUZZ59C (Fresh Step Drawstring Litter Box Liners Scented, Jumbo Size, 36"" x 19"" - 7 Count)",[],True,True,True,True,Litter Accessories,7201.0,B01DUZZ59C,2025-10-22,,,,,
In Stock,ACTIVE,0.467,381.0,4.19,91.0,195.0,7.0,0.0,True,,4.4,12813.0,4.2,,,3.0,Fresh Step,,"B01DUZZ59C (Fresh Step Drawstring Litter Box Liners Scented, Jumbo Size, 36"" x 19"" - 7 Count)",[],True,True,True,True,Litter Accessories,7198.0,B01DUZZ59C,2025-10-21,,,,,
In Stock,ACTIVE,0.78,432.0,4.2,103.0,132.0,7.0,0.0,True,,4.4,12814.0,4.2,,,3.0,Fresh Step,,"B01DUZZ59C (Fresh Step Drawstring Litter Box Liners Scented, Jumbo Size, 36"" x 19"" - 7 Count)",[],True,True,True,False,Litter Accessories,7390.0,B01DUZZ59C,2025-10-20,,,,,
In Stock,ACTIVE,0.371,371.0,4.16,89.0,240.0,7.0,0.0,True,,4.4,12814.0,4.2,,,3.0,Fresh Step,,"B01DUZZ59C (Fresh Step Drawstring Litter Box Liners Scented, Jumbo Size, 36"" x 19"" - 7 Count)",[],True,False,True,False,Litter Accessories,6308.0,B01DUZZ59C,2025-10-19,,,,,
In Stock,ACTIVE,0.523,384.0,4.18,92.0,176.0,7.0,0.0,True,,4.4,12812.0,4.2,,,3.0,Fresh Step,,"B01DUZZ59C (Fresh Step Drawstring Litter Box Liners Scented, Jumbo Size, 36"" x 19"" - 7 Count)",[],True,True,True,False,Litter Accessories,6520.0,B01DUZZ59C,2025-10-18,,,,,
In Stock,ACTIVE,0.468,306.0,4.19,73.0,156.0,7.0,0.0,True,,4.4,12809.0,4.2,,,3.0,Fresh Step,,"B01DUZZ59C (Fresh Step Drawstring Litter Box Liners Scented, Jumbo Size, 36"" x 19"" - 7 Count)",[],True,True,True,False,Litter Accessories,6658.0,B01DUZZ59C,2025-10-17,,,,,
In Stock,ACTIVE,0.414,358.0,4.26,84.0,203.0,7.0,0.0,True,,4.4,12808.0,4.42,,,3.0,Fresh Step,,"B01DUZZ59C (Fresh Step Drawstring Litter Box Liners Scented, Jumbo Size, 36"" x 19"" - 7 Count)",[],True,True,True,False,Litter Accessories,7299.0,B01DUZZ59C,2025-10-16,,,,,
In Stock,ACTIVE,0.422,252.0,4.42,57.0,135.0,7.0,0.0,True,,4.4,12804.0,4.42,,,3.0,Fresh Step,,"B01DUZZ59C (Fresh Step Drawstring Litter Box Liners Scented, Jumbo Size, 36"" x 19"" - 7 Count)",[],True,True,True,False,Litter Accessories,7756.0,B01DUZZ59C,2025-10-15,,,,,
In Stock,ACTIVE,0.379,234.0,4.42,53.0,140.0,7.0,0.0,True,,4.4,12801.0,4.42,,,3.0,Fresh Step,,"B01DUZZ59C (Fresh Step Drawstring Litter Box Liners Scented, Jumbo Size, 36"" x 19"" - 7 Count)",[],True,True,True,False,Litter Accessories,6794.0,B01DUZZ59C,2025-10-14,,,,,
In Stock,ACTIVE,0.439,332.0,4.42,75.0,171.0,7.0,0.0,True,,4.4,12801.0,4.42,,,3.0,Fresh Step,,"B01DUZZ59C (Fresh Step Drawstring Litter Box Liners Scented, Jumbo Size, 36"" x 19"" - 7 Count)",[],True,True,True,False,Litter Accessories,6831.0,B01DUZZ59C,2025-10-13,,,,,
In Stock,ACTIVE,0.292,248.0,4.42,56.0,192.0,7.0,0.0,True,,4.4,12799.0,4.42,,,3.0,Fresh Step,,"B01DUZZ59C (Fresh Step Drawstring Litter Box Liners Scented, Jumbo Size, 36"" x 19"" - 7 Count)",[],True,True,True,False,Litter Accessories,6945.0,B01DUZZ59C,2025-10-12,,,,,
In Stock,ACTIVE,0.453,380.0,4.42,86.0,190.0,7.0,0.0,True,,4.4,12799.0,4.42,,,3.0,Fresh Step,,"B01DUZZ59C (Fresh Step Drawstring Litter Box Liners Scented, Jumbo Size, 36"" x 19"" - 7 Count)",[],True,True,True,False,Litter Accessories,7024.0,B01DUZZ59C,2025-10-11,,,,,
In Stock,ACTIVE,0.451,287.0,4.42,65.0,144.0,7.0,0.0,True,,4.4,12797.0,4.42,,,3.0,Fresh Step,,"B01DUZZ59C (Fresh Step Drawstring Litter Box Liners Scented, Jumbo Size, 36"" x 19"" - 7 Count)",[],True,True,True,False,Litter Accessories,7102.0,B01DUZZ59C,2025-10-10,,,,,
In Stock,ACTIVE,0.482,360.0,4.39,82.0,170.0,7.0,0.0,True,,4.4,12796.0,4.42,,,3.0,Fresh Step,,"B01DUZZ59C (Fresh Step Drawstring Litter Box Liners Scented, Jumbo Size, 36"" x 19"" - 7 Count)",[],True,True,True,False,Litter Accessories,7179.0,B01DUZZ59C,2025-10-09,,,,,
In Stock,ACTIVE,0.496,608.0,4.4,138.0,278.0,7.0,0.0,True,,4.4,12793.0,4.42,,,3.0,Fresh Step,,"B01DUZZ59C (Fresh Step Drawstring Litter Box Liners Scented, Jumbo Size, 36"" x 19"" - 7 Count)",[],True,True,True,False,Litter Accessories,7248.0,B01DUZZ59C,2025-10-08,,,,,
In Stock,ACTIVE,0.339,411.0,4.42,93.0,274.0,7.0,0.0,True,,4.4,12791.0,4.42,,,3.0,Fresh Step,,"B01DUZZ59C (Fresh Step Drawstring Litter Box Liners Scented, Jumbo Size, 36"" x 19"" - 7 Count)",[],True,True,True,False,Litter Accessories,7263.0,B01DUZZ59C,2025-10-07,,,,,
In Stock,ACTIVE,0.5,380.0,4.42,86.0,172.0,7.0,0.0,True,,4.4,12790.0,4.42,,,3.0,Fresh Step,,"B01DUZZ59C (Fresh Step Drawstring Litter Box Liners Scented, Jumbo Size, 36"" x 19"" - 7 Count)",[],True,True,True,False,Litter Accessories,7429.0,B01DUZZ59C,2025-10-06,,,,,
In Stock,ACTIVE,0.295,344.0,6.04,57.0,193.0,7.0,0.0,True,,4.4,12785.0,7.01,,,3.0,Fresh Step,,"B01DUZZ59C (Fresh Step Drawstring Litter Box Liners Scented, Jumbo Size, 36"" x 19"" - 7 Count)",[],True,True,True,False,Litter Accessories,7523.0,B01DUZZ59C,2025-10-05,,,,,
In Stock,ACTIVE,0.311,349.0,5.91,59.0,190.0,7.0,0.0,True,,4.4,12782.0,4.42,,,3.0,Fresh Step,,"B01DUZZ59C (Fresh Step Drawstring Litter Box Liners Scented, Jumbo Size, 36"" x 19"" - 7 Count)",[],True,True,True,False,Litter Accessories,7593.0,B01DUZZ59C,2025-10-04,,,,,
In Stock,ACTIVE,0.523,398.0,4.42,90.0,172.0,7.0,0.0,True,,4.4,12780.0,4.42,,,3.0,Fresh Step,,"B01DUZZ59C (Fresh Step Drawstring Litter Box Liners Scented, Jumbo Size, 36"" x 19"" - 7 Count)",[],True,True,True,False,Litter Accessories,7664.0,B01DUZZ59C,2025-10-03,,,,,
In Stock,ACTIVE,0.474,406.0,4.36,93.0,196.0,7.0,0.0,True,,4.4,12779.0,4.42,,,3.0,Fresh Step,,"B01DUZZ59C (Fresh Step Drawstring Litter Box Liners Scented, Jumbo Size, 36"" x 19"" - 7 Count)",[],True,True,True,False,Litter Accessories,7517.0,B01DUZZ59C,2025-10-02,,,,,
In Stock,ACTIVE,0.449,461.0,4.39,105.0,234.0,7.0,0.0,True,,4.4,12777.0,4.42,,,3.0,Fresh Step,,"B01DUZZ59C (Fresh Step Drawstring Litter Box Liners Scented, Jumbo Size, 36"" x 19"" - 7 Count)",[],True,True,True,False,Litter Accessories,7547.0,B01DUZZ59C,2025-10-01,,,,,
In Stock,ACTIVE,0.42,464.0,4.42,105.0,250.0,7.0,0.0,True,,4.4,12776.0,4.42,,,3.0,Fresh Step,,"B01DUZZ59C (Fresh Step Drawstring Litter Box Liners Scented, Jumbo Size, 36"" x 19"" - 7 Count)",[],True,True,True,False,Litter Accessories,7633.0,B01DUZZ59C,2025-09-30,,,,,
In Stock,ACTIVE,0.398,387.0,4.39,88.0,221.0,7.0,0.0,True,,4.4,12769.0,4.42,,,3.0,Fresh Step,,"B01DUZZ59C (Fresh Step Drawstring Litter Box Liners Scented, Jumbo Size, 36"" x 19"" - 7 Count)",[],True,True,True,False,Litter Accessories,7647.0,B01DUZZ59C,2025-09-29,,,,,
In Stock,ACTIVE,0.379,455.0,4.42,103.0,272.0,7.0,0.0,True,,4.4,12769.0,4.42,,,3.0,Fresh Step,,"B01DUZZ59C (Fresh Step Drawstring Litter Box Liners Scented, Jumbo Size, 36"" x 19"" - 7 Count)",[],True,True,True,False,Litter Accessories,7726.0,B01DUZZ59C,2025-09-28,,,,,
In Stock,ACTIVE,0.5329999999999999,566.0,4.42,128.0,240.0,7.0,0.0,True,,4.4,12768.0,4.42,,,3.0,Fresh Step,,"B01DUZZ59C (Fresh Step Drawstring Litter Box Liners Scented, Jumbo Size, 36"" x 19"" - 7 Count)",[],True,True,True,False,Litter Accessories,7804.0,B01DUZZ59C,2025-09-27,,,,,
In Stock,ACTIVE,0.477,410.0,4.41,93.0,195.0,7.0,0.0,True,,4.4,12767.0,4.42,,,3.0,Fresh Step,,"B01DUZZ59C (Fresh Step Drawstring Litter Box Liners Scented, Jumbo Size, 36"" x 19"" - 7 Count)",[],True,True,True,False,Litter Accessories,7860.0,B01DUZZ59C,2025-09-26,,,,,
In Stock,ACTIVE,0.485,499.0,4.42,113.0,233.0,7.0,0.0,True,,4.4,12765.0,4.42,,,3.0,Fresh Step,,"B01DUZZ59C (Fresh Step Drawstring Litter Box Liners Scented, Jumbo Size, 36"" x 19"" - 7 Count)",[],True,True,True,False,Litter Accessories,7922.0,B01DUZZ59C,2025-09-25,,,,,
In Stock,ACTIVE,0.456,525.0,4.41,119.0,261.0,7.0,0.0,True,,4.4,12764.0,4.42,,,3.0,Fresh Step,,"B01DUZZ59C (Fresh Step Drawstring Litter Box Liners Scented, Jumbo Size, 36"" x 19"" - 7 Count)",[],True,True,True,False,Litter Accessories,7785.0,B01DUZZ59C,2025-09-24,,,,,
In Stock,ACTIVE,0.36,380.0,4.42,86.0,239.0,7.0,0.0,True,,4.4,12762.0,4.42,,,3.0,Fresh Step,,"B01DUZZ59C (Fresh Step Drawstring Litter Box Liners Scented, Jumbo Size, 36"" x 19"" - 7 Count)",[],True,True,True,False,Litter Accessories,7741.0,B01DUZZ59C,2025-09-23,,,,,
In Stock,ACTIVE,0.5479999999999999,480.0,4.4,109.0,199.0,7.0,0.0,True,,4.4,12758.0,4.42,,,3.0,Fresh Step,,"B01DUZZ59C (Fresh Step Drawstring Litter Box Liners Scented, Jumbo Size, 36"" x 19"" - 7 Count)",[],True,True,True,False,Litter Accessories,7772.0,B01DUZZ59C,2025-09-22,,,,,
In Stock,ACTIVE,0.366,344.0,4.41,78.0,213.0,7.0,0.0,True,,4.4,12757.0,4.42,,,3.0,Fresh Step,,"B01DUZZ59C (Fresh Step Drawstring Litter Box Liners Scented, Jumbo Size, 36"" x 19"" - 7 Count)",[],True,True,True,False,Litter Accessories,8488.0,B01DUZZ59C,2025-09-21,,,,,
In Stock,ACTIVE,0.424,318.0,4.42,72.0,170.0,7.0,0.0,True,,4.4,12781.0,4.42,,,3.0,Fresh Step,,"B01DUZZ59C (Fresh Step Drawstring Litter Box Liners Scented, Jumbo Size, 36"" x 19"" - 7 Count)",[],True,True,True,False,Litter Accessories,7584.0,B01DUZZ59C,2025-09-20,,,,,
In Stock,ACTIVE,0.5,367.0,4.42,83.0,166.0,7.0,0.0,True,,4.4,12474.0,4.42,,,3.0,Fresh Step,,"B01DUZZ59C (Fresh Step Drawstring Litter Box Liners Scented, Jumbo Size, 36"" x 19"" - 7 Count)",[],True,True,True,False,Litter Accessories,7633.0,B01DUZZ59C,2025-09-19,,,,,
In Stock,ACTIVE,0.5489999999999999,371.0,4.42,84.0,153.0,7.0,0.0,True,,4.4,12474.0,4.42,,,3.0,Fresh Step,,"B01DUZZ59C (Fresh Step Drawstring Litter Box Liners Scented, Jumbo Size, 36"" x 19"" - 7 Count)",[],True,True,True,False,Litter Accessories,7736.0,B01DUZZ59C,2025-09-18,,,,,
In Stock,ACTIVE,0.413,340.0,4.47,76.0,184.0,7.0,0.0,True,,4.4,12474.0,4.42,,,3.0,Fresh Step,,"B01DUZZ59C (Fresh Step Drawstring Litter Box Liners Scented, Jumbo Size, 36"" x 19"" - 7 Count)",[],True,False,True,False,Litter Accessories,7817.0,B01DUZZ59C,2025-09-17,,,,,
In Stock,ACTIVE,0.483,312.0,4.39,71.0,147.0,7.0,0.0,True,,4.4,12470.0,4.42,,,3.0,Fresh Step,,"B01DUZZ59C (Fresh Step Drawstring Litter Box Liners Scented, Jumbo Size, 36"" x 19"" - 7 Count)",[],True,False,True,False,Litter Accessories,7942.0,B01DUZZ59C,2025-09-16,,,,,
In Stock,ACTIVE,0.297,243.0,4.42,55.0,185.0,7.0,0.0,True,,4.4,12463.0,4.42,,,3.0,Fresh Step,,"B01DUZZ59C (Fresh Step Drawstring Litter Box Liners Scented, Jumbo Size, 36"" x 19"" - 7 Count)",[],True,False,True,False,Litter Accessories,8009.0,B01DUZZ59C,2025-09-15,,,,,
In Stock,ACTIVE,0.388,381.0,4.38,87.0,224.0,7.0,0.0,True,,4.4,12458.0,4.42,,,3.0,Fresh Step,,"B01DUZZ59C (Fresh Step Drawstring Litter Box Liners Scented, Jumbo Size, 36"" x 19"" - 7 Count)",[],True,False,True,False,Litter Accessories,8115.0,B01DUZZ59C,2025-09-14,,,,,
In Stock,ACTIVE,0.434,278.0,4.42,63.0,145.0,7.0,0.0,True,,4.4,12450.0,4.42,,,3.0,Fresh Step,,"B01DUZZ59C (Fresh Step Drawstring Litter Box Liners Scented, Jumbo Size, 36"" x 19"" - 7 Count)",[],True,False,True,False,Litter Accessories,8180.0,B01DUZZ59C,2025-09-13,,,,,
In Stock,ACTIVE,0.613,301.0,4.42,68.0,111.0,7.0,0.0,True,,4.4,12447.0,4.42,,,3.0,Fresh Step,,"B01DUZZ59C (Fresh Step Drawstring Litter Box Liners Scented, Jumbo Size, 36"" x 19"" - 7 Count)",[],True,False,True,False,Litter Accessories,8246.0,B01DUZZ59C,2025-09-12,,,,,
In Stock,ACTIVE,0.619,402.0,4.42,91.0,147.0,7.0,0.0,True,,4.4,12444.0,4.42,,,3.0,Fresh Step,,"B01DUZZ59C (Fresh Step Drawstring Litter Box Liners Scented, Jumbo Size, 36"" x 19"" - 7 Count)",[],True,False,True,False,Litter Accessories,8307.0,B01DUZZ59C,2025-09-11,,,,,
In Stock,ACTIVE,0.6629999999999999,270.0,4.42,61.0,92.0,7.0,0.0,True,,4.4,12442.0,4.42,,,3.0,Fresh Step,,"B01DUZZ59C (Fresh Step Drawstring Litter Box Liners Scented, Jumbo Size, 36"" x 19"" - 7 Count)",[],True,False,True,False,Litter Accessories,8328.0,B01DUZZ59C,2025-09-10,,,,,
In Stock,ACTIVE,0.622,302.0,4.37,69.0,111.0,7.0,0.0,True,,4.4,12440.0,4.42,,,3.0,Fresh Step,,"B01DUZZ59C (Fresh Step Drawstring Litter Box Liners Scented, Jumbo Size, 36"" x 19"" - 7 Count)",[],True,False,True,False,Litter Accessories,8117.0,B01DUZZ59C,2025-09-09,,,,,
In Stock,ACTIVE,0.615,371.0,4.47,83.0,135.0,7.0,0.0,True,,4.4,12439.0,4.42,,,3.0,Fresh Step,,"B01DUZZ59C (Fresh Step Drawstring Litter Box Liners Scented, Jumbo Size, 36"" x 19"" - 7 Count)",[],True,False,True,False,Litter Accessories,8079.0,B01DUZZ59C,2025-09-08,,,,,
In Stock,ACTIVE,0.411,225.0,4.42,51.0,124.0,7.0,0.0,True,,4.4,12439.0,4.42,,,3.0,Fresh Step,,"B01DUZZ59C (Fresh Step Drawstring Litter Box Liners Scented, Jumbo Size, 36"" x 19"" - 7 Count)",[],True,False,True,False,Litter Accessories,7549.0,B01DUZZ59C,2025-09-07,,,,,
In Stock,ACTIVE,0.448,265.0,4.42,60.0,134.0,7.0,0.0,True,,4.4,12436.0,4.42,,,3.0,Fresh Step,,"B01DUZZ59C (Fresh Step Drawstring Litter Box Liners Scented, Jumbo Size, 36"" x 19"" - 7 Count)",[],True,False,True,False,Litter Accessories,7779.0,B01DUZZ59C,2025-09-06,,,,,
In Stock,ACTIVE,0.381,199.0,4.42,45.0,118.0,7.0,0.0,True,,4.4,12432.0,4.42,,,3.0,Fresh Step,,"B01DUZZ59C (Fresh Step Drawstring Litter Box Liners Scented, Jumbo Size, 36"" x 19"" - 7 Count)",[],True,False,True,False,Litter Accessories,8386.0,B01DUZZ59C,2025-09-05,,,,,
In Stock,ACTIVE,0.462,296.0,4.42,67.0,145.0,7.0,0.0,True,,4.4,12430.0,4.42,,,3.0,Fresh Step,,"B01DUZZ59C (Fresh Step Drawstring Litter Box Liners Scented, Jumbo Size, 36"" x 19"" - 7 Count)",[],True,False,True,False,Litter Accessories,7121.0,B01DUZZ59C,2025-09-04,,,,,
In Stock,ACTIVE,0.5920000000000001,314.0,4.42,71.0,120.0,7.0,0.0,True,,4.4,12429.0,4.42,,,3.0,Fresh Step,,"B01DUZZ59C (Fresh Step Drawstring Litter Box Liners Scented, Jumbo Size, 36"" x 19"" - 7 Count)",[],True,False,True,False,Litter Accessories,7005.0,B01DUZZ59C,2025-09-03,,,,,
In Stock,ACTIVE,0.653,424.0,4.42,96.0,147.0,7.0,0.0,True,,4.4,12427.0,4.42,,,3.0,Fresh Step,,"B01DUZZ59C (Fresh Step Drawstring Litter Box Liners Scented, Jumbo Size, 36"" x 19"" - 7 Count)",[],True,False,True,False,Litter Accessories,6998.0,B01DUZZ59C,2025-09-02,,,,,
In Stock,ACTIVE,0.4970000000000001,389.0,4.42,88.0,177.0,7.0,0.0,True,,4.4,12418.0,4.42,,,3.0,Fresh Step,,"B01DUZZ59C (Fresh Step Drawstring Litter Box Liners Scented, Jumbo Size, 36"" x 19"" - 7 Count)",[],True,False,True,False,Litter Accessories,7230.0,B01DUZZ59C,2025-09-01,,,,,
In Stock,ACTIVE,0.333,252.0,4.42,57.0,171.0,7.0,0.0,True,,4.4,12419.0,4.42,,,3.0,Fresh Step,,"B01DUZZ59C (Fresh Step Drawstring Litter Box Liners Scented, Jumbo Size, 36"" x 19"" - 7 Count)",[],True,False,True,False,Litter Accessories,6596.0,B01DUZZ59C,2025-08-31,,,,,
In Stock,ACTIVE,0.462,269.0,4.4,61.0,132.0,7.0,0.0,True,,4.4,12418.0,4.42,,,3.0,Fresh Step,,"B01DUZZ59C (Fresh Step Drawstring Litter Box Liners Scented, Jumbo Size, 36"" x 19"" - 7 Count)",[],True,False,True,False,Litter Accessories,6719.0,B01DUZZ59C,2025-08-30,,,,,
In Stock,ACTIVE,0.5489999999999999,295.0,4.4,67.0,122.0,7.0,0.0,True,,4.4,12415.0,4.42,,,3.0,Fresh Step,,"B01DUZZ59C (Fresh Step Drawstring Litter Box Liners Scented, Jumbo Size, 36"" x 19"" - 7 Count)",[],True,True,True,False,Litter Accessories,6810.0,B01DUZZ59C,2025-08-29,,,,,
In Stock,ACTIVE,0.644,376.0,4.42,85.0,132.0,7.0,0.0,True,,4.4,12412.0,4.42,,,3.0,Fresh Step,,"B01DUZZ59C (Fresh Step Drawstring Litter Box Liners Scented, Jumbo Size, 36"" x 19"" - 7 Count)",[],True,True,True,False,Litter Accessories,6864.0,B01DUZZ59C,2025-08-28,,,,,
In Stock,ACTIVE,0.659,357.0,4.41,81.0,123.0,7.0,0.0,True,,4.4,12411.0,4.42,,,3.0,Fresh Step,,"B01DUZZ59C (Fresh Step Drawstring Litter Box Liners Scented, Jumbo Size, 36"" x 19"" - 7 Count)",[],True,True,True,False,Litter Accessories,6902.0,B01DUZZ59C,2025-08-27,,,,,
In Stock,ACTIVE,0.562,299.0,4.4,68.0,121.0,7.0,0.0,True,,4.4,12409.0,4.42,,,3.0,Fresh Step,,"B01DUZZ59C (Fresh Step Drawstring Litter Box Liners Scented, Jumbo Size, 36"" x 19"" - 7 Count)",[],True,True,True,False,Litter Accessories,6971.0,B01DUZZ59C,2025-08-26,,,,,
In Stock,ACTIVE,0.9129999999999999,507.0,4.41,115.0,126.0,7.0,0.0,True,,4.4,12407.0,4.42,,,3.0,Fresh Step,,"B01DUZZ59C (Fresh Step Drawstring Litter Box Liners Scented, Jumbo Size, 36"" x 19"" - 7 Count)",[],True,True,True,False,Litter Accessories,7083.0,B01DUZZ59C,2025-08-25,,,,,
In Stock,ACTIVE,0.613,407.0,4.42,92.0,150.0,7.0,0.0,True,,4.4,12404.0,4.42,,,3.0,Fresh Step,,"B01DUZZ59C (Fresh Step Drawstring Litter Box Liners Scented, Jumbo Size, 36"" x 19"" - 7 Count)",[],True,True,True,False,Litter Accessories,7128.0,B01DUZZ59C,2025-08-24,,,,,
In Stock,ACTIVE,0.426,287.0,4.35,66.0,155.0,7.0,0.0,True,,4.4,12402.0,4.42,,,3.0,Fresh Step,,"B01DUZZ59C (Fresh Step Drawstring Litter Box Liners Scented, Jumbo Size, 36"" x 19"" - 7 Count)",[],True,True,True,False,Litter Accessories,7184.0,B01DUZZ59C,2025-08-23,,,,,
In Stock,ACTIVE,0.46,278.0,4.42,63.0,137.0,7.0,0.0,True,,4.4,12400.0,4.42,,,3.0,Fresh Step,,"B01DUZZ59C (Fresh Step Drawstring Litter Box Liners Scented, Jumbo Size, 36"" x 19"" - 7 Count)",[],True,True,True,False,Litter Accessories,7246.0,B01DUZZ59C,2025-08-22,,,,,
In Stock,ACTIVE,0.617,348.0,4.41,79.0,128.0,7.0,0.0,True,,4.4,12398.0,4.42,,,3.0,Fresh Step,,"B01DUZZ59C (Fresh Step Drawstring Litter Box Liners Scented, Jumbo Size, 36"" x 19"" - 7 Count)",[],True,True,True,False,Litter Accessories,7305.0,B01DUZZ59C,2025-08-21,0.0,0.0,0.0,0.0,0.0
In Stock,ACTIVE,0.5379999999999999,338.0,4.39,77.0,143.0,7.0,0.0,True,,4.4,12394.0,4.42,,,3.0,Fresh Step,,"B01DUZZ59C (Fresh Step Drawstring Litter Box Liners Scented, Jumbo Size, 36"" x 19"" - 7 Count)",[],True,True,True,False,Litter Accessories,7361.0,B01DUZZ59C,2025-08-20,0.0,0.0,0.0,0.0,0.0
In Stock,ACTIVE,0.664,349.0,4.42,79.0,119.0,7.0,0.0,True,,4.4,12392.0,4.42,,,3.0,Fresh Step,,"B01DUZZ59C (Fresh Step Drawstring Litter Box Liners Scented, Jumbo Size, 36"" x 19"" - 7 Count)",[],True,True,True,False,Litter Accessories,7458.0,B01DUZZ59C,2025-08-19,0.0,0.0,0.0,0.0,0.0
In Stock,ACTIVE,0.474,280.0,4.44,63.0,133.0,7.0,0.0,True,,4.4,12390.0,4.42,,,3.0,Fresh Step,,"B01DUZZ59C (Fresh Step Drawstring Litter Box Liners Scented, Jumbo Size, 36"" x 19"" - 7 Count)",[],True,True,True,False,Litter Accessories,7556.0,B01DUZZ59C,2025-08-18,,,,,
In Stock,ACTIVE,0.517,345.0,4.42,78.0,151.0,7.0,0.0,True,,4.4,12387.0,4.42,,,3.0,Fresh Step,,"B01DUZZ59C (Fresh Step Drawstring Litter Box Liners Scented, Jumbo Size, 36"" x 19"" - 7 Count)",[],True,True,True,False,Litter Accessories,7646.0,B01DUZZ59C,2025-08-17,0.0,0.0,0.0,0.0,0.0
In Stock,ACTIVE,0.612,349.0,4.42,79.0,129.0,7.0,0.0,True,,4.4,12383.0,4.42,,,3.0,Fresh Step,,"B01DUZZ59C (Fresh Step Drawstring Litter Box Liners Scented, Jumbo Size, 36"" x 19"" - 7 Count)",[],True,True,True,False,Litter Accessories,7684.0,B01DUZZ59C,2025-08-16,0.0,0.0,0.0,0.0,0.0
In Stock,ACTIVE,0.405,283.0,4.42,64.0,158.0,7.0,0.0,True,,4.4,12384.0,4.42,,,3.0,Fresh Step,,"B01DUZZ59C (Fresh Step Drawstring Litter Box Liners Scented, Jumbo Size, 36"" x 19"" - 7 Count)",[],True,True,True,False,Litter Accessories,7674.0,B01DUZZ59C,2025-08-15,0.0,0.0,0.0,0.0,0.0
In Stock,ACTIVE,0.54,301.0,4.42,68.0,126.0,7.0,0.0,True,,4.4,12378.0,4.42,,,3.0,Fresh Step,,"B01DUZZ59C (Fresh Step Drawstring Litter Box Liners Scented, Jumbo Size, 36"" x 19"" - 7 Count)",[],True,True,True,False,Litter Accessories,7697.0,B01DUZZ59C,2025-08-14,0.0,0.0,0.0,0.0,0.0
In Stock,ACTIVE,0.49,318.0,4.42,72.0,147.0,7.0,0.0,True,,4.4,12375.0,4.42,,,3.0,Fresh Step,,"B01DUZZ59C (Fresh Step Drawstring Litter Box Liners Scented, Jumbo Size, 36"" x 19"" - 7 Count)",[],True,True,True,False,Litter Accessories,7671.0,B01DUZZ59C,2025-08-13,0.0,0.0,0.0,0.0,0.0
In Stock,ACTIVE,0.408,265.0,4.42,60.0,147.0,7.0,0.0,True,,4.4,12372.0,4.42,,,3.0,Fresh Step,,"B01DUZZ59C (Fresh Step Drawstring Litter Box Liners Scented, Jumbo Size, 36"" x 19"" - 7 Count)",[],True,True,True,False,Litter Accessories,7666.0,B01DUZZ59C,2025-08-12,0.0,0.0,0.0,0.0,0.0
In Stock,ACTIVE,0.5329999999999999,323.0,4.42,73.0,137.0,7.0,0.0,True,,4.4,12367.0,4.42,,,3.0,Fresh Step,,"B01DUZZ59C (Fresh Step Drawstring Litter Box Liners Scented, Jumbo Size, 36"" x 19"" - 7 Count)",[],True,True,True,False,Litter Accessories,7737.0,B01DUZZ59C,2025-08-11,0.0,0.0,0.0,0.0,0.0
In Stock,ACTIVE,0.508,408.0,4.39,93.0,183.0,7.0,0.0,True,,4.4,12364.0,4.42,,,3.0,Fresh Step,,"B01DUZZ59C (Fresh Step Drawstring Litter Box Liners Scented, Jumbo Size, 36"" x 19"" - 7 Count)",[],True,True,True,False,Litter Accessories,7846.0,B01DUZZ59C,2025-08-10,0.0,0.0,0.0,0.0,0.0
In Stock,ACTIVE,0.436,285.0,4.39,65.0,149.0,7.0,0.0,True,,4.4,12358.0,4.42,,,3.0,Fresh Step,,"B01DUZZ59C (Fresh Step Drawstring Litter Box Liners Scented, Jumbo Size, 36"" x 19"" - 7 Count)",[],True,True,True,False,Litter Accessories,7910.0,B01DUZZ59C,2025-08-09,0.0,0.0,0.0,0.0,0.0
In Stock,ACTIVE,0.382,221.0,4.42,50.0,131.0,7.0,0.0,True,,4.4,12357.0,4.42,,,3.0,Fresh Step,,"B01DUZZ59C (Fresh Step Drawstring Litter Box Liners Scented, Jumbo Size, 36"" x 19"" - 7 Count)",[],True,True,True,False,Litter Accessories,7940.0,B01DUZZ59C,2025-08-08,0.0,0.0,0.0,0.0,0.0
In Stock,ACTIVE,0.574,358.0,4.42,81.0,141.0,7.0,0.0,True,,4.4,12353.0,4.42,,,3.0,Fresh Step,,"B01DUZZ59C (Fresh Step Drawstring Litter Box Liners Scented, Jumbo Size, 36"" x 19"" - 7 Count)",[],True,True,True,False,Litter Accessories,7925.0,B01DUZZ59C,2025-08-07,0.0,0.0,0.0,0.0,0.0
In Stock,ACTIVE,0.5529999999999999,391.0,5.35,73.0,132.0,7.0,0.0,True,,4.4,12352.0,7.01,,,3.0,Fresh Step,,"B01DUZZ59C (Fresh Step Drawstring Litter Box Liners Scented, Jumbo Size, 36"" x 19"" - 7 Count)",[],True,True,True,False,Litter Accessories,7881.0,B01DUZZ59C,2025-08-06,0.0,0.0,0.0,0.0,0.0
In Stock,ACTIVE,0.504,272.0,4.53,60.0,119.0,7.0,0.0,True,,4.4,12351.0,4.42,,,3.0,Fresh Step,,"B01DUZZ59C (Fresh Step Drawstring Litter Box Liners Scented, Jumbo Size, 36"" x 19"" - 7 Count)",[],True,True,True,False,Litter Accessories,7356.0,B01DUZZ59C,2025-08-05,0.0,0.0,0.0,0.0,0.0
In Stock,ACTIVE,0.472,252.0,4.34,58.0,123.0,7.0,0.0,True,,4.4,12350.0,4.42,,,3.0,Fresh Step,,"B01DUZZ59C (Fresh Step Drawstring Litter Box Liners Scented, Jumbo Size, 36"" x 19"" - 7 Count)",[],True,True,True,False,Litter Accessories,8192.0,B01DUZZ59C,2025-08-04,0.0,0.0,0.0,0.0,0.0
In Stock,ACTIVE,0.506,376.0,4.42,85.0,168.0,7.0,0.0,True,,4.4,12347.0,4.42,,,3.0,Fresh Step,,"B01DUZZ59C (Fresh Step Drawstring Litter Box Liners Scented, Jumbo Size, 36"" x 19"" - 7 Count)",[],True,True,True,False,Litter Accessories,7409.0,B01DUZZ59C,2025-08-03,,,,,
In Stock,ACTIVE,0.359,265.0,4.42,60.0,167.0,7.0,0.0,True,,4.4,12345.0,4.42,0.005555555555555556,0.5,3.0,Fresh Step,1.435,"B01DUZZ59C (Fresh Step Drawstring Litter Box Liners Scented, Jumbo Size, 36"" x 19"" - 7 Count)",[],True,True,True,False,Litter Accessories,7410.0,B01DUZZ59C,2025-08-02,2.87,4.42,2.0,360.0,1.0
In Stock,ACTIVE,0.556,348.0,4.41,79.0,142.0,7.0,0.0,True,,4.4,12343.0,4.42,0.01132075471698113,0.1666666666666667,3.0,Fresh Step,2.8,"B01DUZZ59C (Fresh Step Drawstring Litter Box Liners Scented, Jumbo Size, 36"" x 19"" - 7 Count)",[],True,True,True,False,Litter Accessories,7513.0,B01DUZZ59C,2025-08-01,16.8,4.42,6.0,530.0,1.0
In Stock,ACTIVE,0.51,323.0,4.42,73.0,143.0,14.0,0.0,True,,4.4,12340.0,4.42,0.0,,3.0,Fresh Step,,"B01DUZZ59C (Fresh Step Drawstring Litter Box Liners Scented, Jumbo Size, 36"" x 19"" - 7 Count)",[],True,True,True,False,Litter Accessories,7618.0,B01DUZZ59C,2025-07-31,0.0,0.0,0.0,218.0,0.0
In Stock,ACTIVE,0.626,318.0,4.42,72.0,115.0,7.0,0.0,True,,4.4,12340.0,4.42,0.002647253474520185,0.25,3.0,Fresh Step,2.59375,"B01DUZZ59C (Fresh Step Drawstring Litter Box Liners Scented, Jumbo Size, 36"" x 19"" - 7 Count)",[],True,True,True,False,Litter Accessories,7717.0,B01DUZZ59C,2025-07-30,20.75,8.48,8.0,3022.0,2.0
In Stock,ACTIVE,0.6940000000000001,340.0,4.42,77.0,111.0,0.0,0.0,True,,4.4,12339.0,4.42,0.007451564828614009,0.2,3.0,Fresh Step,2.472,"B01DUZZ59C (Fresh Step Drawstring Litter Box Liners Scented, Jumbo Size, 36"" x 19"" - 7 Count)",[],True,True,True,False,Litter Accessories,7780.0,B01DUZZ59C,2025-07-29,12.36,4.42,5.0,671.0,1.0
In Stock,ACTIVE,0.8,406.0,4.41,92.0,115.0,0.0,0.0,True,,4.4,12336.0,4.42,,,3.0,Fresh Step,,"B01DUZZ59C (Fresh Step Drawstring Litter Box Liners Scented, Jumbo Size, 36"" x 19"" - 7 Count)",[],True,True,True,False,Litter Accessories,7840.0,B01DUZZ59C,2025-07-28,0.0,0.0,0.0,0.0,0.0
In Stock,ACTIVE,0.469,270.0,4.42,61.0,130.0,0.0,0.0,True,,4.4,12335.0,4.42,,,3.0,Fresh Step,,"B01DUZZ59C (Fresh Step Drawstring Litter Box Liners Scented, Jumbo Size, 36"" x 19"" - 7 Count)",[],True,True,True,False,Litter Accessories,7885.0,B01DUZZ59C,2025-07-27,0.0,0.0,0.0,0.0,0.0
In Stock,ACTIVE,0.5539999999999999,248.0,4.42,56.0,101.0,0.0,0.0,True,,4.4,12333.0,4.42,,,3.0,Fresh Step,,"B01DUZZ59C (Fresh Step Drawstring Litter Box Liners Scented, Jumbo Size, 36"" x 19"" - 7 Count)",[],True,True,True,False,Litter Accessories,7961.0,B01DUZZ59C,2025-07-26,0.0,0.0,0.0,0.0,0.0
In Stock,ACTIVE,0.904,415.0,4.42,94.0,104.0,0.0,0.0,True,,4.4,12330.0,4.42,,,3.0,Fresh Step,,"B01DUZZ59C (Fresh Step Drawstring Litter Box Liners Scented, Jumbo Size, 36"" x 19"" - 7 Count)",[],True,True,True,False,Litter Accessories,8017.0,B01DUZZ59C,2025-07-25,,,,,
In Stock,ACTIVE,0.505,243.0,4.42,55.0,109.0,0.0,0.0,True,,4.4,12328.0,4.42,,,3.0,Fresh Step,,"B01DUZZ59C (Fresh Step Drawstring Litter Box Liners Scented, Jumbo Size, 36"" x 19"" - 7 Count)",[],True,True,True,False,Litter Accessories,8121.0,B01DUZZ59C,2025-07-24,,,,,
In Stock,ACTIVE,0.453,234.0,4.42,53.0,117.0,0.0,0.0,True,,4.4,12328.0,4.42,,,3.0,Fresh Step,,"B01DUZZ59C (Fresh Step Drawstring Litter Box Liners Scented, Jumbo Size, 36"" x 19"" - 7 Count)",[],True,True,True,False,Litter Accessories,8079.0,B01DUZZ59C,2025-07-23,,,,,
In Stock,ACTIVE,1.099,345.0,4.42,78.0,71.0,0.0,0.0,True,,4.4,12325.0,4.42,,,3.0,Fresh Step,,"B01DUZZ59C (Fresh Step Drawstring Litter Box Liners Scented, Jumbo Size, 36"" x 19"" - 7 Count)",[],True,True,True,False,Litter Accessories,8120.0,B01DUZZ59C,2025-07-22,,,,,
In Stock,ACTIVE,0.66,274.0,4.42,62.0,94.0,0.0,0.0,True,,4.4,12324.0,4.42,,,3.0,Fresh Step,,"B01DUZZ59C (Fresh Step Drawstring Litter Box Liners Scented, Jumbo Size, 36"" x 19"" - 7 Count)",[],True,True,True,False,Litter Accessories,8136.0,B01DUZZ59C,2025-07-21,,,,,
In Stock,ACTIVE,0.622,348.0,4.41,79.0,127.0,0.0,0.0,True,,4.4,12322.0,4.42,,,3.0,Fresh Step,,"B01DUZZ59C (Fresh Step Drawstring Litter Box Liners Scented, Jumbo Size, 36"" x 19"" - 7 Count)",[],True,True,True,False,Litter Accessories,8146.0,B01DUZZ59C,2025-07-20,,,,,
In Stock,ACTIVE,0.444,265.0,4.42,60.0,135.0,0.0,0.0,True,,4.4,12322.0,4.42,,,3.0,Fresh Step,,"B01DUZZ59C (Fresh Step Drawstring Litter Box Liners Scented, Jumbo Size, 36"" x 19"" - 7 Count)",[],True,True,True,False,Litter Accessories,8134.0,B01DUZZ59C,2025-07-19,,,,,
In Stock,ACTIVE,0.664,323.0,4.42,73.0,110.0,0.0,0.0,True,,4.4,12321.0,4.42,,,3.0,Fresh Step,,"B01DUZZ59C (Fresh Step Drawstring Litter Box Liners Scented, Jumbo Size, 36"" x 19"" - 7 Count)",[],True,True,True,False,Litter Accessories,8121.0,B01DUZZ59C,2025-07-18,,,,,
In Stock,ACTIVE,0.8320000000000001,349.0,4.42,79.0,95.0,0.0,0.0,True,,4.4,12316.0,4.42,,,3.0,Fresh Step,,"B01DUZZ59C (Fresh Step Drawstring Litter Box Liners Scented, Jumbo Size, 36"" x 19"" - 7 Count)",[],True,True,True,False,Litter Accessories,8051.0,B01DUZZ59C,2025-07-17,,,,,
In Stock,ACTIVE,0.5489999999999999,274.0,4.42,62.0,113.0,0.0,0.0,True,,4.4,12315.0,4.42,,,3.0,Fresh Step,,"B01DUZZ59C (Fresh Step Drawstring Litter Box Liners Scented, Jumbo Size, 36"" x 19"" - 7 Count)",[],True,True,True,False,Litter Accessories,8143.0,B01DUZZ59C,2025-07-16,,,,,
In Stock,ACTIVE,0.669,349.0,4.42,79.0,118.0,7.0,0.0,True,,4.4,12311.0,4.42,,,3.0,Fresh Step,,"B01DUZZ59C (Fresh Step Drawstring Litter Box Liners Scented, Jumbo Size, 36"" x 19"" - 7 Count)",[],True,True,True,False,Litter Accessories,8096.0,B01DUZZ59C,2025-07-15,,,,,
In Stock,ACTIVE,0.648,358.0,4.42,81.0,125.0,7.0,0.0,True,,4.4,12309.0,4.42,,,3.0,Fresh Step,,"B01DUZZ59C (Fresh Step Drawstring Litter Box Liners Scented, Jumbo Size, 36"" x 19"" - 7 Count)",[],True,True,True,False,Litter Accessories,8029.0,B01DUZZ59C,2025-07-14,,,,,
In Stock,ACTIVE,0.591,343.0,4.4,78.0,132.0,7.0,0.0,True,,4.4,12310.0,4.42,,,3.0,Fresh Step,,"B01DUZZ59C (Fresh Step Drawstring Litter Box Liners Scented, Jumbo Size, 36"" x 19"" - 7 Count)",[],True,True,True,False,Litter Accessories,6782.0,B01DUZZ59C,2025-07-13,,,,,
In Stock,ACTIVE,0.5670000000000001,224.0,4.39,51.0,90.0,7.0,0.0,True,,4.4,12309.0,4.42,,,3.0,Fresh Step,,"B01DUZZ59C (Fresh Step Drawstring Litter Box Liners Scented, Jumbo Size, 36"" x 19"" - 7 Count)",[],True,True,True,False,Litter Accessories,6761.0,B01DUZZ59C,2025-07-12,,,,,
In Stock,ACTIVE,0.696,381.0,4.38,87.0,125.0,7.0,0.0,True,,4.4,12309.0,4.42,,,3.0,Fresh Step,,"B01DUZZ59C (Fresh Step Drawstring Litter Box Liners Scented, Jumbo Size, 36"" x 19"" - 7 Count)",[],True,True,True,False,Litter Accessories,6767.0,B01DUZZ59C,2025-07-11,,,,,
In Stock,ACTIVE,0.68,403.0,4.74,85.0,125.0,7.0,0.0,True,,4.4,12308.0,7.01,,,3.0,Fresh Step,,"B01DUZZ59C (Fresh Step Drawstring Litter Box Liners Scented, Jumbo Size, 36"" x 19"" - 7 Count)",[],True,True,True,False,Litter Accessories,7258.0,B01DUZZ59C,2025-07-10,,,,,
In Stock,ACTIVE,0.457,392.0,6.13,64.0,140.0,7.0,0.0,True,,4.4,12308.0,4.42,,,3.0,Fresh Step,,"B01DUZZ59C (Fresh Step Drawstring Litter Box Liners Scented, Jumbo Size, 36"" x 19"" - 7 Count)",[],True,True,True,False,Litter Accessories,6741.0,B01DUZZ59C,2025-07-09,,,,,
In Stock,ACTIVE,0.594,407.0,4.42,92.0,155.0,7.0,0.0,True,,4.4,12306.0,4.42,,,3.0,Fresh Step,,"B01DUZZ59C (Fresh Step Drawstring Litter Box Liners Scented, Jumbo Size, 36"" x 19"" - 7 Count)",[],True,True,True,False,Litter Accessories,6826.0,B01DUZZ59C,2025-07-08,,,,,
In Stock,ACTIVE,0.615,367.0,4.42,83.0,135.0,7.0,0.0,True,,4.4,12305.0,4.42,,,3.0,Fresh Step,,"B01DUZZ59C (Fresh Step Drawstring Litter Box Liners Scented, Jumbo Size, 36"" x 19"" - 7 Count)",[],True,True,True,False,Litter Accessories,6891.0,B01DUZZ59C,2025-07-07,,,,,
In Stock,ACTIVE,0.5720000000000001,419.0,4.41,95.0,166.0,7.0,0.0,True,,4.4,12303.0,4.42,,,3.0,Fresh Step,,"B01DUZZ59C (Fresh Step Drawstring Litter Box Liners Scented, Jumbo Size, 36"" x 19"" - 7 Count)",[],True,True,True,False,Litter Accessories,7251.0,B01DUZZ59C,2025-07-06,,,,,
In Stock,ACTIVE,0.41,252.0,4.42,57.0,139.0,7.0,0.0,True,,4.4,12303.0,4.42,,,3.0,Fresh Step,,"B01DUZZ59C (Fresh Step Drawstring Litter Box Liners Scented, Jumbo Size, 36"" x 19"" - 7 Count)",[],True,True,True,False,Litter Accessories,7036.0,B01DUZZ59C,2025-07-05,,,,,
In Stock,ACTIVE,0.611,256.0,4.42,58.0,95.0,7.0,0.0,True,,4.4,12300.0,4.42,,,3.0,Fresh Step,,"B01DUZZ59C (Fresh Step Drawstring Litter Box Liners Scented, Jumbo Size, 36"" x 19"" - 7 Count)",[],True,True,True,False,Litter Accessories,7144.0,B01DUZZ59C,2025-07-04,,,,,
In Stock,ACTIVE,0.69,256.0,4.42,58.0,84.0,7.0,0.0,True,,4.4,12301.0,4.42,,,3.0,Fresh Step,,"B01DUZZ59C (Fresh Step Drawstring Litter Box Liners Scented, Jumbo Size, 36"" x 19"" - 7 Count)",[],True,True,True,False,Litter Accessories,7138.0,B01DUZZ59C,2025-07-03,,,,,
In Stock,ACTIVE,0.679,336.0,4.42,76.0,112.0,7.0,0.0,True,,4.4,12299.0,4.42,,,3.0,Fresh Step,,"B01DUZZ59C (Fresh Step Drawstring Litter Box Liners Scented, Jumbo Size, 36"" x 19"" - 7 Count)",[],True,True,True,False,Litter Accessories,7167.0,B01DUZZ59C,2025-07-02,,,,,
In Stock,ACTIVE,0.519,248.0,4.42,56.0,108.0,7.0,0.0,True,,4.4,12298.0,4.42,,,3.0,Fresh Step,,"B01DUZZ59C (Fresh Step Drawstring Litter Box Liners Scented, Jumbo Size, 36"" x 19"" - 7 Count)",[],True,True,True,False,Litter Accessories,7267.0,B01DUZZ59C,2025-07-01,,,,,
In Stock,ACTIVE,0.493,296.0,4.42,67.0,136.0,7.0,0.0,True,,4.4,12297.0,4.42,,,3.0,Fresh Step,,"B01DUZZ59C (Fresh Step Drawstring Litter Box Liners Scented, Jumbo Size, 36"" x 19"" - 7 Count)",[],True,True,True,False,Litter Accessories,7326.0,B01DUZZ59C,2025-06-30,,,,,
In Stock,ACTIVE,0.927,506.0,4.4,115.0,124.0,7.0,0.0,True,,4.4,12293.0,4.42,,,3.0,Fresh Step,,"B01DUZZ59C (Fresh Step Drawstring Litter Box Liners Scented, Jumbo Size, 36"" x 19"" - 7 Count)",[],True,True,True,False,Litter Accessories,7422.0,B01DUZZ59C,2025-06-29,,,,,
In Stock,ACTIVE,0.7759999999999999,336.0,4.42,76.0,98.0,7.0,0.0,True,,4.4,12292.0,4.42,,,3.0,Fresh Step,,"B01DUZZ59C (Fresh Step Drawstring Litter Box Liners Scented, Jumbo Size, 36"" x 19"" - 7 Count)",[],True,True,True,False,Litter Accessories,7503.0,B01DUZZ59C,2025-06-28,,,,,
In Stock,ACTIVE,1.019,477.0,4.42,108.0,106.0,7.0,0.0,True,,4.4,12291.0,4.42,,,3.0,Fresh Step,,"B01DUZZ59C (Fresh Step Drawstring Litter Box Liners Scented, Jumbo Size, 36"" x 19"" - 7 Count)",[],True,True,True,False,Litter Accessories,7575.0,B01DUZZ59C,2025-06-27,,,,,
In Stock,ACTIVE,0.9570000000000001,389.0,4.42,88.0,92.0,7.0,0.0,True,,4.4,12291.0,4.42,,,3.0,Fresh Step,,"B01DUZZ59C (Fresh Step Drawstring Litter Box Liners Scented, Jumbo Size, 36"" x 19"" - 7 Count)",[],True,True,True,False,Litter Accessories,7593.0,B01DUZZ59C,2025-06-26,,,,,
In Stock,ACTIVE,0.938,465.0,4.39,106.0,113.0,7.0,0.0,True,,4.4,12289.0,4.42,,,3.0,Fresh Step,,"B01DUZZ59C (Fresh Step Drawstring Litter Box Liners Scented, Jumbo Size, 36"" x 19"" - 7 Count)",[],True,True,True,False,Litter Accessories,7001.0,B01DUZZ59C,2025-06-25,,,,,
In Stock,ACTIVE,1.073,454.0,4.41,103.0,96.0,7.0,0.0,True,,4.4,12287.0,4.42,,,3.0,Fresh Step,,"B01DUZZ59C (Fresh Step Drawstring Litter Box Liners Scented, Jumbo Size, 36"" x 19"" - 7 Count)",[],True,True,True,False,Litter Accessories,7033.0,B01DUZZ59C,2025-06-24,,,,,
In Stock,ACTIVE,0.78,407.0,4.42,92.0,118.0,7.0,8.0,True,,4.4,12286.0,4.42,,,3.0,Fresh Step,,"B01DUZZ59C (Fresh Step Drawstring Litter Box Liners Scented, Jumbo Size, 36"" x 19"" - 7 Count)",[],True,True,True,False,Litter Accessories,7089.0,B01DUZZ59C,2025-06-23,,,,,
In Stock,ACTIVE,0.444,312.0,4.4,71.0,160.0,7.0,8.0,True,,4.4,12286.0,4.42,,,3.0,Fresh Step,,"B01DUZZ59C (Fresh Step Drawstring Litter Box Liners Scented, Jumbo Size, 36"" x 19"" - 7 Count)",[],True,True,True,False,Litter Accessories,7089.0,B01DUZZ59C,2025-06-22,,,,,
In Stock,ACTIVE,0.447,225.0,4.42,51.0,114.0,7.0,8.0,True,,4.4,12283.0,4.42,,,3.0,Fresh Step,,"B01DUZZ59C (Fresh Step Drawstring Litter Box Liners Scented, Jumbo Size, 36"" x 19"" - 7 Count)",[],True,True,True,False,Litter Accessories,6923.0,B01DUZZ59C,2025-06-21,,,,,
In Stock,ACTIVE,0.638,296.0,4.42,67.0,105.0,7.0,7.0,True,,4.4,12281.0,4.42,,,3.0,Fresh Step,,"B01DUZZ59C (Fresh Step Drawstring Litter Box Liners Scented, Jumbo Size, 36"" x 19"" - 7 Count)",[],True,True,True,False,Litter Accessories,6940.0,B01DUZZ59C,2025-06-20,,,,,
In Stock,ACTIVE,0.489,186.0,4.32,43.0,88.0,7.0,7.0,True,,4.4,12281.0,4.42,,,3.0,Fresh Step,,"B01DUZZ59C (Fresh Step Drawstring Litter Box Liners Scented, Jumbo Size, 36"" x 19"" - 7 Count)",[],True,True,True,False,Litter Accessories,7197.0,B01DUZZ59C,2025-06-19,,,,,
In Stock,ACTIVE,0.782,460.0,4.42,104.0,133.0,7.0,7.0,True,,4.4,12278.0,4.42,,,3.0,Fresh Step,,"B01DUZZ59C (Fresh Step Drawstring Litter Box Liners Scented, Jumbo Size, 36"" x 19"" - 7 Count)",[],True,True,True,False,Litter Accessories,6967.0,B01DUZZ59C,2025-06-18,,,,,
In Stock,ACTIVE,0.883,368.0,4.43,83.0,94.0,7.0,7.0,True,,4.4,12275.0,4.42,,,3.0,Fresh Step,,"B01DUZZ59C (Fresh Step Drawstring Litter Box Liners Scented, Jumbo Size, 36"" x 19"" - 7 Count)",[],True,True,True,False,Litter Accessories,6418.0,B01DUZZ59C,2025-06-17,,,,,
In Stock,ACTIVE,0.6920000000000001,358.0,4.42,81.0,117.0,7.0,7.0,True,,4.4,12274.0,4.42,,,3.0,Fresh Step,,"B01DUZZ59C (Fresh Step Drawstring Litter Box Liners Scented, Jumbo Size, 36"" x 19"" - 7 Count)",[],True,True,True,False,Litter Accessories,6466.0,B01DUZZ59C,2025-06-16,,,,,
In Stock,ACTIVE,0.585,304.0,4.4,69.0,118.0,7.0,7.0,True,,4.4,12270.0,4.42,,,3.0,Fresh Step,,"B01DUZZ59C (Fresh Step Drawstring Litter Box Liners Scented, Jumbo Size, 36"" x 19"" - 7 Count)",[],True,True,True,False,Litter Accessories,6500.0,B01DUZZ59C,2025-06-15,,,,,
In Stock,ACTIVE,0.405,264.0,4.98,53.0,131.0,7.0,7.0,True,,4.4,12267.0,6.29,,,3.0,Fresh Step,,"B01DUZZ59C (Fresh Step Drawstring Litter Box Liners Scented, Jumbo Size, 36"" x 19"" - 7 Count)",[],True,True,True,False,Litter Accessories,6549.0,B01DUZZ59C,2025-06-14,,,,,
In Stock,ACTIVE,0.4379999999999999,269.0,6.41,42.0,96.0,7.0,7.0,True,,4.4,12265.0,6.29,,,3.0,Fresh Step,,"B01DUZZ59C (Fresh Step Drawstring Litter Box Liners Scented, Jumbo Size, 36"" x 19"" - 7 Count)",[],True,True,True,False,Litter Accessories,6635.0,B01DUZZ59C,2025-06-13,,,,,
In Stock,ACTIVE,0.6579999999999999,370.0,4.8,77.0,117.0,7.0,7.0,True,,4.4,12264.0,4.42,,,3.0,Fresh Step,,"B01DUZZ59C (Fresh Step Drawstring Litter Box Liners Scented, Jumbo Size, 36"" x 19"" - 7 Count)",[],True,True,True,False,Litter Accessories,6685.0,B01DUZZ59C,2025-06-12,,,,,
In Stock,ACTIVE,0.82,358.0,4.37,82.0,100.0,7.0,7.0,True,,4.4,12263.0,4.42,,,3.0,Fresh Step,,"B01DUZZ59C (Fresh Step Drawstring Litter Box Liners Scented, Jumbo Size, 36"" x 19"" - 7 Count)",[],True,True,True,False,Litter Accessories,6795.0,B01DUZZ59C,2025-06-11,,,,,
In Stock,ACTIVE,0.7040000000000001,358.0,4.42,81.0,115.0,7.0,7.0,True,,4.4,12258.0,4.42,,,3.0,Fresh Step,,"B01DUZZ59C (Fresh Step Drawstring Litter Box Liners Scented, Jumbo Size, 36"" x 19"" - 7 Count)",[],True,True,True,False,Litter Accessories,6861.0,B01DUZZ59C,2025-06-10,,,,,
In Stock,ACTIVE,0.932,420.0,4.37,96.0,103.0,7.0,7.0,True,,4.4,12259.0,4.42,,,3.0,Fresh Step,,"B01DUZZ59C (Fresh Step Drawstring Litter Box Liners Scented, Jumbo Size, 36"" x 19"" - 7 Count)",[],True,True,True,False,Litter Accessories,6911.0,B01DUZZ59C,2025-06-09,,,,,
In Stock,ACTIVE,0.517,274.0,4.42,62.0,120.0,7.0,7.0,True,,4.4,12255.0,4.42,,,3.0,Fresh Step,,"B01DUZZ59C (Fresh Step Drawstring Litter Box Liners Scented, Jumbo Size, 36"" x 19"" - 7 Count)",[],True,True,True,False,Litter Accessories,6988.0,B01DUZZ59C,2025-06-08,,,,,
In Stock,ACTIVE,0.459,221.0,4.42,50.0,109.0,7.0,7.0,True,,4.4,12250.0,4.42,,,3.0,Fresh Step,,"B01DUZZ59C (Fresh Step Drawstring Litter Box Liners Scented, Jumbo Size, 36"" x 19"" - 7 Count)",[],True,True,True,False,Litter Accessories,7040.0,B01DUZZ59C,2025-06-07,,,,,
In Stock,ACTIVE,0.379,159.0,4.42,36.0,95.0,7.0,7.0,True,,4.4,12247.0,4.42,,,3.0,Fresh Step,,"B01DUZZ59C (Fresh Step Drawstring Litter Box Liners Scented, Jumbo Size, 36"" x 19"" - 7 Count)",[],True,True,True,False,Litter Accessories,7089.0,B01DUZZ59C,2025-06-06,,,,,
In Stock,ACTIVE,0.6859999999999999,309.0,4.42,70.0,102.0,7.0,7.0,True,,4.4,12243.0,4.42,,,3.0,Fresh Step,,"B01DUZZ59C (Fresh Step Drawstring Litter Box Liners Scented, Jumbo Size, 36"" x 19"" - 7 Count)",[],True,True,True,False,Litter Accessories,6995.0,B01DUZZ59C,2025-06-05,,,,,
In Stock,ACTIVE,0.6890000000000001,323.0,4.42,73.0,106.0,7.0,7.0,True,,4.4,12243.0,4.42,,,3.0,Fresh Step,,"B01DUZZ59C (Fresh Step Drawstring Litter Box Liners Scented, Jumbo Size, 36"" x 19"" - 7 Count)",[],True,True,True,False,Litter Accessories,7000.0,B01DUZZ59C,2025-06-04,,,,,
In Stock,ACTIVE,0.598,293.0,4.37,67.0,112.0,7.0,7.0,True,,4.4,12242.0,4.42,,,3.0,Fresh Step,,"B01DUZZ59C (Fresh Step Drawstring Litter Box Liners Scented, Jumbo Size, 36"" x 19"" - 7 Count)",[],True,True,True,False,Litter Accessories,7051.0,B01DUZZ59C,2025-06-03,,,,,
In Stock,ACTIVE,0.9009999999999999,362.0,4.42,82.0,91.0,7.0,7.0,True,,4.4,12241.0,4.42,,,3.0,Fresh Step,,"B01DUZZ59C (Fresh Step Drawstring Litter Box Liners Scented, Jumbo Size, 36"" x 19"" - 7 Count)",[],True,True,True,False,Litter Accessories,7046.0,B01DUZZ59C,2025-06-02,,,,,
In Stock,ACTIVE,0.772,467.0,4.45,105.0,136.0,7.0,7.0,True,,4.4,12241.0,4.42,,,3.0,Fresh Step,,"B01DUZZ59C (Fresh Step Drawstring Litter Box Liners Scented, Jumbo Size, 36"" x 19"" - 7 Count)",[],True,True,True,False,Litter Accessories,7083.0,B01DUZZ59C,2025-06-01,,,,,
In Stock,ACTIVE,0.405,283.0,4.42,64.0,158.0,7.0,7.0,True,,4.4,12240.0,4.42,,,3.0,Fresh Step,,"B01DUZZ59C (Fresh Step Drawstring Litter Box Liners Scented, Jumbo Size, 36"" x 19"" - 7 Count)",[],True,True,True,False,Litter Accessories,7381.0,B01DUZZ59C,2025-05-31,,,,,
In Stock,ACTIVE,0.45,336.0,4.42,76.0,169.0,7.0,7.0,True,,4.4,12236.0,4.42,,,3.0,Fresh Step,,"B01DUZZ59C (Fresh Step Drawstring Litter Box Liners Scented, Jumbo Size, 36"" x 19"" - 7 Count)",[],True,True,True,False,Litter Accessories,7739.0,B01DUZZ59C,2025-05-30,,,,,
In Stock,ACTIVE,0.5429999999999999,423.0,4.45,95.0,175.0,7.0,7.0,True,,4.4,12228.0,4.42,,,3.0,Fresh Step,,"B01DUZZ59C (Fresh Step Drawstring Litter Box Liners Scented, Jumbo Size, 36"" x 19"" - 7 Count)",[],True,True,True,False,Litter Accessories,7183.0,B01DUZZ59C,2025-05-29,,,,,
In Stock,ACTIVE,0.484,337.0,4.44,76.0,157.0,7.0,7.0,True,,4.4,12225.0,4.42,,,3.0,Fresh Step,,"B01DUZZ59C (Fresh Step Drawstring Litter Box Liners Scented, Jumbo Size, 36"" x 19"" - 7 Count)",[],True,True,True,False,Litter Accessories,7249.0,B01DUZZ59C,2025-05-28,,,,,
In Stock,ACTIVE,0.594,278.0,4.42,63.0,106.0,7.0,7.0,True,,4.4,12225.0,4.42,,,3.0,Fresh Step,,"B01DUZZ59C (Fresh Step Drawstring Litter Box Liners Scented, Jumbo Size, 36"" x 19"" - 7 Count)",[],True,True,True,False,Litter Accessories,7325.0,B01DUZZ59C,2025-05-27,,,,,
In Stock,ACTIVE,0.741,354.0,4.42,80.0,108.0,7.0,7.0,True,,4.4,12223.0,4.42,,,3.0,Fresh Step,,"B01DUZZ59C (Fresh Step Drawstring Litter Box Liners Scented, Jumbo Size, 36"" x 19"" - 7 Count)",[],True,True,True,False,Litter Accessories,7389.0,B01DUZZ59C,2025-05-26,,,,,
In Stock,ACTIVE,0.777,352.0,4.4,80.0,103.0,7.0,7.0,True,,4.4,12223.0,4.42,,,3.0,Fresh Step,,"B01DUZZ59C (Fresh Step Drawstring Litter Box Liners Scented, Jumbo Size, 36"" x 19"" - 7 Count)",[],True,True,True,False,Litter Accessories,7466.0,B01DUZZ59C,2025-05-25,,,,,
In Stock,ACTIVE,0.496,259.0,4.4,59.0,119.0,7.0,7.0,True,,4.4,12221.0,4.42,,,3.0,Fresh Step,,"B01DUZZ59C (Fresh Step Drawstring Litter Box Liners Scented, Jumbo Size, 36"" x 19"" - 7 Count)",[],True,True,True,False,Litter Accessories,7469.0,B01DUZZ59C,2025-05-24,,,,,
In Stock,ACTIVE,0.494,177.0,4.42,40.0,81.0,7.0,7.0,True,,4.4,12223.0,4.42,,,3.0,Fresh Step,,"B01DUZZ59C (Fresh Step Drawstring Litter Box Liners Scented, Jumbo Size, 36"" x 19"" - 7 Count)",[],True,True,True,False,Litter Accessories,7520.0,B01DUZZ59C,2025-05-23,,,,,
In Stock,ACTIVE,0.841,319.0,4.31,74.0,88.0,7.0,7.0,True,,4.4,12222.0,4.42,,,3.0,Fresh Step,,"B01DUZZ59C (Fresh Step Drawstring Litter Box Liners Scented, Jumbo Size, 36"" x 19"" - 7 Count)",[],True,True,True,False,Litter Accessories,7574.0,B01DUZZ59C,2025-05-22,,,,,
In Stock,ACTIVE,0.634,276.0,4.32,64.0,101.0,7.0,8.0,True,,4.4,12220.0,4.42,,,3.0,Fresh Step,,"B01DUZZ59C (Fresh Step Drawstring Litter Box Liners Scented, Jumbo Size, 36"" x 19"" - 7 Count)",[],True,True,True,False,Litter Accessories,7559.0,B01DUZZ59C,2025-05-21,,,,,
Not Buyable,ACTIVE,0.563,215.0,4.39,49.0,87.0,7.0,8.0,True,,4.4,12200.0,3.76,,,3.0,Fresh Step,,"B01DUZZ59C (Fresh Step Drawstring Litter Box Liners Scented, Jumbo Size, 36"" x 19"" - 7 Count)",[],True,True,True,False,Litter Accessories,7382.0,B01DUZZ59C,2025-05-20,,,,,
In Stock,ACTIVE,0.92,350.0,4.37,80.0,87.0,7.0,8.0,True,,4.4,12213.0,4.42,,,3.0,Fresh Step,,"B01DUZZ59C (Fresh Step Drawstring Litter Box Liners Scented, Jumbo Size, 36"" x 19"" - 7 Count)",[],True,True,True,False,Litter Accessories,7401.0,B01DUZZ59C,2025-05-19,,,,,
In Stock,ACTIVE,0.662,398.0,4.42,90.0,136.0,7.0,8.0,True,,4.4,12210.0,4.42,,,3.0,Fresh Step,,"B01DUZZ59C (Fresh Step Drawstring Litter Box Liners Scented, Jumbo Size, 36"" x 19"" - 7 Count)",[],True,True,True,False,Litter Accessories,7375.0,B01DUZZ59C,2025-05-18,,,,,
In Stock,ACTIVE,0.657,285.0,4.39,65.0,99.0,7.0,8.0,True,,4.4,12207.0,4.42,,,3.0,Fresh Step,,"B01DUZZ59C (Fresh Step Drawstring Litter Box Liners Scented, Jumbo Size, 36"" x 19"" - 7 Count)",[],True,True,True,False,Litter Accessories,7188.0,B01DUZZ59C,2025-05-17,,,,,
In Stock,ACTIVE,0.7090000000000001,270.0,4.42,61.0,86.0,7.0,8.0,True,,4.4,12205.0,4.42,,,3.0,Fresh Step,,"B01DUZZ59C (Fresh Step Drawstring Litter Box Liners Scented, Jumbo Size, 36"" x 19"" - 7 Count)",[],True,True,True,False,Litter Accessories,7703.0,B01DUZZ59C,2025-05-16,,,,,
In Stock,ACTIVE,0.653,283.0,4.42,64.0,98.0,7.0,8.0,True,,4.4,12204.0,4.42,,,3.0,Fresh Step,,"B01DUZZ59C (Fresh Step Drawstring Litter Box Liners Scented, Jumbo Size, 36"" x 19"" - 7 Count)",[],True,True,True,False,Litter Accessories,7099.0,B01DUZZ59C,2025-05-15,,,,,
In Stock,ACTIVE,0.62,354.0,4.42,80.0,129.0,7.0,8.0,True,,4.4,12200.0,4.42,,,3.0,Fresh Step,,"B01DUZZ59C (Fresh Step Drawstring Litter Box Liners Scented, Jumbo Size, 36"" x 19"" - 7 Count)",[],True,True,True,False,Litter Accessories,7064.0,B01DUZZ59C,2025-05-14,,,,,
In Stock,ACTIVE,0.778,371.0,4.42,84.0,108.0,7.0,8.0,True,,4.4,12201.0,4.42,,,3.0,Fresh Step,,"B01DUZZ59C (Fresh Step Drawstring Litter Box Liners Scented, Jumbo Size, 36"" x 19"" - 7 Count)",[],True,True,True,False,Litter Accessories,7327.0,B01DUZZ59C,2025-05-13,,,,,
In Stock,ACTIVE,0.758,318.0,4.42,72.0,95.0,7.0,8.0,True,,4.4,12200.0,4.42,,,3.0,Fresh Step,,"B01DUZZ59C (Fresh Step Drawstring Litter Box Liners Scented, Jumbo Size, 36"" x 19"" - 7 Count)",[],True,True,True,False,Litter Accessories,7527.0,B01DUZZ59C,2025-05-12,,,,,
In Stock,ACTIVE,0.7020000000000001,354.0,4.42,80.0,114.0,7.0,8.0,True,,4.4,12200.0,4.42,,,3.0,Fresh Step,,"B01DUZZ59C (Fresh Step Drawstring Litter Box Liners Scented, Jumbo Size, 36"" x 19"" - 7 Count)",[],True,True,True,False,Litter Accessories,7687.0,B01DUZZ59C,2025-05-11,,,,,
In Stock,ACTIVE,0.716,299.0,4.4,68.0,95.0,7.0,8.0,True,,4.4,12198.0,4.42,,,3.0,Fresh Step,,"B01DUZZ59C (Fresh Step Drawstring Litter Box Liners Scented, Jumbo Size, 36"" x 19"" - 7 Count)",[],True,True,True,False,Litter Accessories,7711.0,B01DUZZ59C,2025-05-10,,,,,
In Stock,ACTIVE,1.013,343.0,4.39,78.0,77.0,7.0,8.0,True,,4.4,12196.0,4.42,,,3.0,Fresh Step,,"B01DUZZ59C (Fresh Step Drawstring Litter Box Liners Scented, Jumbo Size, 36"" x 19"" - 7 Count)",[],True,True,True,False,Litter Accessories,7775.0,B01DUZZ59C,2025-05-09,,,,,
In Stock,ACTIVE,0.95,420.0,4.42,95.0,100.0,7.0,8.0,True,,4.4,12196.0,4.42,,,3.0,Fresh Step,,"B01DUZZ59C (Fresh Step Drawstring Litter Box Liners Scented, Jumbo Size, 36"" x 19"" - 7 Count)",[],True,True,True,False,Litter Accessories,7745.0,B01DUZZ59C,2025-05-08,,,,,
In Stock,ACTIVE,,,,,,4.0,0.0,True,,4.4,13196.0,3.49,,,3.0,Fresh Step,,"B01DUZZ59W (Fresh Step Drawstring Litter Box Liners Scented, Large Size, 30"" x 17"" - 7 Count)",[],True,True,True,False,Litter Accessories,,B01DUZZ59W,2026-05-15,,,,,
In Stock,ACTIVE,,998.0,3.49,286.0,,4.0,0.0,True,,4.4,13197.0,3.49,,,3.0,Fresh Step,,"B01DUZZ59W (Fresh Step Drawstring Litter Box Liners Scented, Large Size, 30"" x 17"" - 7 Count)",[],True,True,True,False,Litter Accessories,,B01DUZZ59W,2026-05-14,,,,,
In Stock,ACTIVE,,883.0,3.49,253.0,,4.0,0.0,True,,4.4,13222.0,3.49,,,3.0,Fresh Step,,"B01DUZZ59W (Fresh Step Drawstring Litter Box Liners Scented, Large Size, 30"" x 17"" - 7 Count)",[],True,True,True,False,Litter Accessories,,B01DUZZ59W,2026-05-13,,,,,
In Stock,ACTIVE,,747.0,3.49,214.0,,4.0,0.0,True,,4.4,12864.0,3.49,,,3.0,Fresh Step,,"B01DUZZ59W (Fresh Step Drawstring Litter Box Liners Scented, Large Size, 30"" x 17"" - 7 Count)",[],True,True,True,False,Litter Accessories,,B01DUZZ59W,2026-05-12,0.0,0.0,0.0,0.0,0.0
In Stock,ACTIVE,0.453,928.0,3.49,266.0,587.0,4.0,0.0,True,,4.4,13193.0,3.49,,,3.0,Fresh Step,,"B01DUZZ59W (Fresh Step Drawstring Litter Box Liners Scented, Large Size, 30"" x 17"" - 7 Count)",[],True,True,True,False,Litter Accessories,10592.0,B01DUZZ59W,2026-05-11,,,,,
In Stock,ACTIVE,0.391,767.0,3.49,220.0,563.0,4.0,0.0,True,,4.4,13192.0,3.49,,,3.0,Fresh Step,,"B01DUZZ59W (Fresh Step Drawstring Litter Box Liners Scented, Large Size, 30"" x 17"" - 7 Count)",[],True,True,True,False,Litter Accessories,9940.0,B01DUZZ59W,2026-05-10,0.0,0.0,0.0,0.0,0.0
In Stock,ACTIVE,0.42,876.0,3.49,251.0,598.0,4.0,0.0,True,,4.4,13190.0,3.49,,,3.0,Fresh Step,,"B01DUZZ59W (Fresh Step Drawstring Litter Box Liners Scented, Large Size, 30"" x 17"" - 7 Count)",[],True,True,True,False,Litter Accessories,9912.0,B01DUZZ59W,2026-05-09,0.0,0.0,0.0,0.0,0.0
In Stock,ACTIVE,0.475,849.0,3.48,244.0,514.0,4.0,0.0,True,,4.4,13188.0,3.49,0.0,,3.0,Fresh Step,,"B01DUZZ59W (Fresh Step Drawstring Litter Box Liners Scented, Large Size, 30"" x 17"" - 7 Count)",[],True,True,True,False,Litter Accessories,10446.0,B01DUZZ59W,2026-05-08,0.0,0.0,0.0,2.0,0.0
Not Buyable,ACTIVE,0.525,984.0,3.49,282.0,537.0,4.0,0.0,True,,4.4,13188.0,,,,3.0,Fresh Step,,"B01DUZZ59W (Fresh Step Drawstring Litter Box Liners Scented, Large Size, 30"" x 17"" - 7 Count)",[],False,False,True,False,Litter Accessories,9749.0,B01DUZZ59W,2026-05-07,,,,,
In Stock,ACTIVE,0.399,283.0,3.49,81.0,203.0,4.0,0.0,True,,4.4,13185.0,3.49,,,3.0,Fresh Step,,"B01DUZZ59W (Fresh Step Drawstring Litter Box Liners Scented, Large Size, 30"" x 17"" - 7 Count)",[],True,True,True,False,Litter Accessories,10433.0,B01DUZZ59W,2026-05-06,,,,,
In Stock,ACTIVE,0.3779999999999999,837.0,3.49,240.0,635.0,4.0,0.0,True,,4.4,13182.0,3.49,,,3.0,Fresh Step,,"B01DUZZ59W (Fresh Step Drawstring Litter Box Liners Scented, Large Size, 30"" x 17"" - 7 Count)",[],True,True,True,False,Litter Accessories,10042.0,B01DUZZ59W,2026-05-05,,,,,
In Stock,ACTIVE,0.359,752.0,3.48,216.0,601.0,4.0,0.0,True,,4.4,13182.0,3.49,,,3.0,Fresh Step,,"B01DUZZ59W (Fresh Step Drawstring Litter Box Liners Scented, Large Size, 30"" x 17"" - 7 Count)",[],True,True,True,False,Litter Accessories,9787.0,B01DUZZ59W,2026-05-04,,,,,
In Stock,ACTIVE,0.376,867.0,3.48,249.0,663.0,4.0,0.0,True,,4.4,13182.0,3.49,,,3.0,Fresh Step,,"B01DUZZ59W (Fresh Step Drawstring Litter Box Liners Scented, Large Size, 30"" x 17"" - 7 Count)",[],True,True,True,False,Litter Accessories,10393.0,B01DUZZ59W,2026-05-03,,,,,
In Stock,ACTIVE,0.352,749.0,3.49,215.0,611.0,4.0,0.0,True,,4.4,13180.0,3.49,,,3.0,Fresh Step,,"B01DUZZ59W (Fresh Step Drawstring Litter Box Liners Scented, Large Size, 30"" x 17"" - 7 Count)",[],True,True,True,False,Litter Accessories,9990.0,B01DUZZ59W,2026-05-02,0.0,0.0,0.0,0.0,0.0
In Stock,ACTIVE,0.424,805.0,3.49,231.0,545.0,4.0,0.0,True,,4.4,13180.0,3.49,,,3.0,Fresh Step,,"B01DUZZ59W (Fresh Step Drawstring Litter Box Liners Scented, Large Size, 30"" x 17"" - 7 Count)",[],True,True,True,False,Litter Accessories,10328.0,B01DUZZ59W,2026-05-01,0.0,0.0,0.0,0.0,0.0
In Stock,ACTIVE,0.436,936.0,3.47,270.0,619.0,4.0,0.0,True,,4.4,13178.0,3.49,,,3.0,Fresh Step,,"B01DUZZ59W (Fresh Step Drawstring Litter Box Liners Scented, Large Size, 30"" x 17"" - 7 Count)",[],True,True,True,False,Litter Accessories,10671.0,B01DUZZ59W,2026-04-30,0.0,0.0,0.0,0.0,0.0
In Stock,ACTIVE,0.46,995.0,3.49,285.0,620.0,4.0,0.0,True,,4.4,13177.0,3.49,,,3.0,Fresh Step,,"B01DUZZ59W (Fresh Step Drawstring Litter Box Liners Scented, Large Size, 30"" x 17"" - 7 Count)",[],True,True,True,False,Litter Accessories,9861.0,B01DUZZ59W,2026-04-29,0.0,0.0,0.0,0.0,0.0
In Stock,ACTIVE,0.43,822.0,3.48,236.0,549.0,4.0,0.0,True,,4.4,13174.0,3.49,0.0,,3.0,Fresh Step,,"B01DUZZ59W (Fresh Step Drawstring Litter Box Liners Scented, Large Size, 30"" x 17"" - 7 Count)",[],True,True,True,False,Litter Accessories,10224.0,B01DUZZ59W,2026-04-28,0.0,0.0,0.0,3.0,0.0
In Stock,ACTIVE,0.452,980.0,3.49,281.0,621.0,4.0,0.0,True,,4.4,13173.0,3.49,,,3.0,Fresh Step,,"B01DUZZ59W (Fresh Step Drawstring Litter Box Liners Scented, Large Size, 30"" x 17"" - 7 Count)",[],True,True,True,False,Litter Accessories,9756.0,B01DUZZ59W,2026-04-27,0.0,0.0,0.0,0.0,0.0
In Stock,ACTIVE,0.405,950.0,3.48,273.0,674.0,4.0,0.0,True,,4.4,13173.0,3.49,,,3.0,Fresh Step,,"B01DUZZ59W (Fresh Step Drawstring Litter Box Liners Scented, Large Size, 30"" x 17"" - 7 Count)",[],True,True,True,False,Litter Accessories,9924.0,B01DUZZ59W,2026-04-26,0.0,0.0,0.0,0.0,0.0
In Stock,ACTIVE,0.527,1004.0,3.49,288.0,546.0,4.0,0.0,True,,4.4,13172.0,3.49,,,3.0,Fresh Step,,"B01DUZZ59W (Fresh Step Drawstring Litter Box Liners Scented, Large Size, 30"" x 17"" - 7 Count)",[],True,True,True,False,Litter Accessories,9709.0,B01DUZZ59W,2026-04-25,0.0,0.0,0.0,0.0,0.0
In Stock,ACTIVE,0.427,871.0,3.48,250.0,585.0,4.0,0.0,True,,4.4,13171.0,3.49,,,3.0,Fresh Step,,"B01DUZZ59W (Fresh Step Drawstring Litter Box Liners Scented, Large Size, 30"" x 17"" - 7 Count)",[],True,True,True,False,Litter Accessories,10457.0,B01DUZZ59W,2026-04-24,0.0,0.0,0.0,0.0,0.0
In Stock,ACTIVE,0.515,939.0,3.46,271.0,526.0,4.0,0.0,True,,4.4,13168.0,3.49,,,3.0,Fresh Step,,"B01DUZZ59W (Fresh Step Drawstring Litter Box Liners Scented, Large Size, 30"" x 17"" - 7 Count)",[],True,True,True,False,Litter Accessories,10007.0,B01DUZZ59W,2026-04-23,0.0,0.0,0.0,0.0,0.0
In Stock,ACTIVE,0.38,790.0,3.48,227.0,598.0,4.0,0.0,True,,4.4,13149.0,3.49,,,3.0,Fresh Step,,"B01DUZZ59W (Fresh Step Drawstring Litter Box Liners Scented, Large Size, 30"" x 17"" - 7 Count)",[],True,True,True,False,Litter Accessories,10163.0,B01DUZZ59W,2026-04-22,0.0,0.0,0.0,0.0,0.0
In Stock,ACTIVE,0.468,878.0,3.48,252.0,538.0,4.0,0.0,True,,4.4,13149.0,3.49,,,3.0,Fresh Step,,"B01DUZZ59W (Fresh Step Drawstring Litter Box Liners Scented, Large Size, 30"" x 17"" - 7 Count)",[],True,True,True,False,Litter Accessories,10216.0,B01DUZZ59W,2026-04-21,0.0,0.0,0.0,0.0,0.0
In Stock,ACTIVE,0.474,853.0,3.48,245.0,517.0,4.0,0.0,True,,4.4,13149.0,3.49,0.0,,3.0,Fresh Step,,"B01DUZZ59W (Fresh Step Drawstring Litter Box Liners Scented, Large Size, 30"" x 17"" - 7 Count)",[],True,True,True,False,Litter Accessories,10685.0,B01DUZZ59W,2026-04-20,0.0,0.0,0.0,4.0,0.0
In Stock,ACTIVE,0.365,833.0,3.49,239.0,655.0,4.0,0.0,True,,4.4,13149.0,3.49,,,3.0,Fresh Step,,"B01DUZZ59W (Fresh Step Drawstring Litter Box Liners Scented, Large Size, 30"" x 17"" - 7 Count)",[],True,True,True,False,Litter Accessories,10470.0,B01DUZZ59W,2026-04-19,0.0,0.0,0.0,0.0,0.0
In Stock,ACTIVE,0.466,991.0,3.49,284.0,610.0,4.0,0.0,True,,4.4,13148.0,3.49,,,3.0,Fresh Step,,"B01DUZZ59W (Fresh Step Drawstring Litter Box Liners Scented, Large Size, 30"" x 17"" - 7 Count)",[],True,True,True,False,Litter Accessories,10542.0,B01DUZZ59W,2026-04-18,0.0,0.0,0.0,0.0,0.0
In Stock,ACTIVE,0.498,904.0,3.49,259.0,520.0,4.0,0.0,True,,4.4,13175.0,3.49,,,3.0,Fresh Step,,"B01DUZZ59W (Fresh Step Drawstring Litter Box Liners Scented, Large Size, 30"" x 17"" - 7 Count)",[],True,True,True,False,Litter Accessories,10706.0,B01DUZZ59W,2026-04-17,0.0,0.0,0.0,0.0,0.0
In Stock,ACTIVE,0.431,848.0,3.48,244.0,566.0,4.0,0.0,True,,4.4,13176.0,3.49,,,3.0,Fresh Step,,"B01DUZZ59W (Fresh Step Drawstring Litter Box Liners Scented, Large Size, 30"" x 17"" - 7 Count)",[],True,True,True,False,Litter Accessories,10877.0,B01DUZZ59W,2026-04-16,0.0,0.0,0.0,0.0,0.0
In Stock,ACTIVE,0.445,826.0,3.49,237.0,533.0,4.0,0.0,True,,4.4,12832.0,3.49,,,3.0,Fresh Step,,"B01DUZZ59W (Fresh Step Drawstring Litter Box Liners Scented, Large Size, 30"" x 17"" - 7 Count)",[],True,True,True,False,Litter Accessories,11119.0,B01DUZZ59W,2026-04-15,0.0,0.0,0.0,0.0,0.0
In Stock,ACTIVE,0.389,703.0,3.48,202.0,519.0,4.0,0.0,True,,4.4,12833.0,3.49,,,3.0,Fresh Step,,"B01DUZZ59W (Fresh Step Drawstring Litter Box Liners Scented, Large Size, 30"" x 17"" - 7 Count)",[],True,True,True,False,Litter Accessories,11246.0,B01DUZZ59W,2026-04-14,0.0,0.0,0.0,0.0,0.0
In Stock,ACTIVE,0.483,914.0,3.49,262.0,543.0,4.0,0.0,True,,4.4,12833.0,3.49,0.0,,3.0,Fresh Step,,"B01DUZZ59W (Fresh Step Drawstring Litter Box Liners Scented, Large Size, 30"" x 17"" - 7 Count)",[],True,True,True,False,Litter Accessories,11290.0,B01DUZZ59W,2026-04-13,0.0,0.0,0.0,2.0,0.0
In Stock,ACTIVE,0.44,938.0,3.49,269.0,611.0,4.0,0.0,True,,4.4,12833.0,3.49,0.007575757575757576,0.0,3.0,Fresh Step,2.296666666666666,"B01DUZZ59W (Fresh Step Drawstring Litter Box Liners Scented, Large Size, 30"" x 17"" - 7 Count)",[],True,True,True,False,Litter Accessories,11247.0,B01DUZZ59W,2026-04-12,6.89,0.0,3.0,396.0,0.0
In Stock,ACTIVE,0.38,789.0,3.49,226.0,594.0,4.0,0.0,True,,4.4,12823.0,3.49,0.01239669421487603,0.0,3.0,Fresh Step,2.636666666666667,"B01DUZZ59W (Fresh Step Drawstring Litter Box Liners Scented, Large Size, 30"" x 17"" - 7 Count)",[],True,True,True,False,Litter Accessories,0.0,B01DUZZ59W,2026-04-11,7.91,0.0,3.0,242.0,0.0
In Stock,ACTIVE,0.453,823.0,3.47,237.0,523.0,4.0,0.0,True,,4.4,13148.0,3.49,0.02476780185758514,0.0,3.0,Fresh Step,2.8275,"B01DUZZ59W (Fresh Step Drawstring Litter Box Liners Scented, Large Size, 30"" x 17"" - 7 Count)",[],True,True,True,False,Litter Accessories,11205.0,B01DUZZ59W,2026-04-10,22.62,0.0,8.0,323.0,0.0
In Stock,ACTIVE,0.528,969.0,3.49,278.0,527.0,4.0,0.0,True,,4.4,13147.0,3.49,0.02083333333333333,0.5,3.0,Fresh Step,5.525,"B01DUZZ59W (Fresh Step Drawstring Litter Box Liners Scented, Large Size, 30"" x 17"" - 7 Count)",[],True,True,True,False,Litter Accessories,10990.0,B01DUZZ59W,2026-04-09,22.1,8.48,4.0,192.0,2.0
In Stock,ACTIVE,0.436,866.0,3.48,249.0,571.0,4.0,0.0,True,,4.4,13145.0,3.49,0.00909090909090909,0.0,3.0,Fresh Step,3.74,"B01DUZZ59W (Fresh Step Drawstring Litter Box Liners Scented, Large Size, 30"" x 17"" - 7 Count)",[],True,True,True,False,Litter Accessories,10911.0,B01DUZZ59W,2026-04-08,3.74,0.0,1.0,110.0,0.0
In Stock,ACTIVE,0.47,764.0,3.49,219.0,466.0,4.0,0.0,True,,4.4,13146.0,3.49,0.004065040650406504,0.0,3.0,Fresh Step,4.47,"B01DUZZ59W (Fresh Step Drawstring Litter Box Liners Scented, Large Size, 30"" x 17"" - 7 Count)",[],True,True,True,False,Litter Accessories,11447.0,B01DUZZ59W,2026-04-07,4.47,0.0,1.0,246.0,0.0
In Stock,ACTIVE,0.419,850.0,3.48,244.0,582.0,4.0,0.0,True,,4.4,13144.0,3.49,0.02620087336244541,0.3333333333333333,3.0,Fresh Step,3.48,"B01DUZZ59W (Fresh Step Drawstring Litter Box Liners Scented, Large Size, 30"" x 17"" - 7 Count)",[],True,True,True,False,Litter Accessories,11663.0,B01DUZZ59W,2026-04-06,20.88,22.97,6.0,229.0,2.0
In Stock,ACTIVE,0.485,881.0,3.44,256.0,528.0,4.0,0.0,True,,4.4,13140.0,3.49,,,3.0,Fresh Step,,"B01DUZZ59W (Fresh Step Drawstring Litter Box Liners Scented, Large Size, 30"" x 17"" - 7 Count)",[],True,True,True,False,Litter Accessories,10925.0,B01DUZZ59W,2026-04-05,0.0,0.0,0.0,0.0,0.0
In Stock,ACTIVE,0.358,684.0,3.49,196.0,547.0,4.0,0.0,True,,4.4,13137.0,3.49,,,3.0,Fresh Step,,"B01DUZZ59W (Fresh Step Drawstring Litter Box Liners Scented, Large Size, 30"" x 17"" - 7 Count)",[],True,True,True,False,Litter Accessories,10953.0,B01DUZZ59W,2026-04-04,0.0,0.0,0.0,0.0,0.0
In Stock,ACTIVE,0.449,872.0,3.49,250.0,557.0,4.0,0.0,True,,4.4,13136.0,3.49,,,3.0,Fresh Step,,"B01DUZZ59W (Fresh Step Drawstring Litter Box Liners Scented, Large Size, 30"" x 17"" - 7 Count)",[],True,True,True,False,Litter Accessories,11073.0,B01DUZZ59W,2026-04-03,0.0,0.0,0.0,0.0,0.0
In Stock,ACTIVE,0.422,827.0,3.49,237.0,561.0,4.0,0.0,True,,4.4,13136.0,3.49,,,3.0,Fresh Step,,"B01DUZZ59W (Fresh Step Drawstring Litter Box Liners Scented, Large Size, 30"" x 17"" - 7 Count)",[],True,True,True,False,Litter Accessories,11019.0,B01DUZZ59W,2026-04-02,0.0,0.0,0.0,0.0,0.0
In Stock,ACTIVE,0.473,838.0,3.48,241.0,509.0,4.0,0.0,True,,4.4,13135.0,3.49,,,3.0,Fresh Step,,"B01DUZZ59W (Fresh Step Drawstring Litter Box Liners Scented, Large Size, 30"" x 17"" - 7 Count)",[],True,True,True,False,Litter Accessories,10847.0,B01DUZZ59W,2026-04-01,0.0,0.0,0.0,0.0,0.0
In Stock,ACTIVE,0.459,717.0,3.46,207.0,451.0,4.0,0.0,True,,4.4,13135.0,3.49,,,3.0,Fresh Step,,"B01DUZZ59W (Fresh Step Drawstring Litter Box Liners Scented, Large Size, 30"" x 17"" - 7 Count)",[],True,True,True,False,Litter Accessories,11507.0,B01DUZZ59W,2026-03-31,0.0,0.0,0.0,0.0,0.0
In Stock,ACTIVE,0.525,776.0,3.48,223.0,425.0,4.0,0.0,True,,4.4,13132.0,3.49,,,3.0,Fresh Step,,"B01DUZZ59W (Fresh Step Drawstring Litter Box Liners Scented, Large Size, 30"" x 17"" - 7 Count)",[],True,True,True,False,Litter Accessories,11697.0,B01DUZZ59W,2026-03-30,0.0,0.0,0.0,0.0,0.0
In Stock,ACTIVE,0.491,917.0,3.43,267.0,544.0,4.0,0.0,True,,4.4,13129.0,3.49,,,3.0,Fresh Step,,"B01DUZZ59W (Fresh Step Drawstring Litter Box Liners Scented, Large Size, 30"" x 17"" - 7 Count)",[],True,True,True,False,Litter Accessories,10480.0,B01DUZZ59W,2026-03-29,0.0,0.0,0.0,0.0,0.0
In Stock,ACTIVE,0.457,785.0,3.49,225.0,492.0,4.0,0.0,True,,4.4,13128.0,3.49,,,3.0,Fresh Step,,"B01DUZZ59W (Fresh Step Drawstring Litter Box Liners Scented, Large Size, 30"" x 17"" - 7 Count)",[],True,True,True,False,Litter Accessories,10551.0,B01DUZZ59W,2026-03-28,0.0,0.0,0.0,0.0,0.0
In Stock,ACTIVE,0.463,691.0,3.49,198.0,428.0,4.0,0.0,True,,4.4,13129.0,3.49,,,3.0,Fresh Step,,"B01DUZZ59W (Fresh Step Drawstring Litter Box Liners Scented, Large Size, 30"" x 17"" - 7 Count)",[],True,True,True,False,Litter Accessories,10676.0,B01DUZZ59W,2026-03-27,0.0,0.0,0.0,0.0,0.0
In Stock,ACTIVE,0.491,745.0,3.48,214.0,436.0,4.0,0.0,True,,4.4,13127.0,3.01,,,3.0,Fresh Step,,"B01DUZZ59W (Fresh Step Drawstring Litter Box Liners Scented, Large Size, 30"" x 17"" - 7 Count)",[],True,False,True,False,Litter Accessories,10344.0,B01DUZZ59W,2026-03-26,0.0,0.0,0.0,0.0,0.0
In Stock,ACTIVE,0.579,886.0,3.49,254.0,439.0,4.0,0.0,True,,4.4,13124.0,3.49,0.0,,3.0,Fresh Step,,"B01DUZZ59W (Fresh Step Drawstring Litter Box Liners Scented, Large Size, 30"" x 17"" - 7 Count)",[],True,True,True,False,Litter Accessories,10406.0,B01DUZZ59W,2026-03-25,0.0,0.0,0.0,1.0,0.0
In Stock,ACTIVE,0.436,714.0,3.48,205.0,470.0,4.0,0.0,True,,4.4,13124.0,3.01,,,3.0,Fresh Step,,"B01DUZZ59W (Fresh Step Drawstring Litter Box Liners Scented, Large Size, 30"" x 17"" - 7 Count)",[],True,False,True,False,Litter Accessories,10823.0,B01DUZZ59W,2026-03-24,0.0,0.0,0.0,0.0,0.0
In Stock,ACTIVE,0.43,731.0,3.48,210.0,488.0,4.0,0.0,True,,4.4,13122.0,3.49,,,3.0,Fresh Step,,"B01DUZZ59W (Fresh Step Drawstring Litter Box Liners Scented, Large Size, 30"" x 17"" - 7 Count)",[],True,True,True,False,Litter Accessories,10516.0,B01DUZZ59W,2026-03-23,0.0,0.0,0.0,0.0,0.0
In Stock,ACTIVE,0.455,803.0,3.49,230.0,506.0,4.0,0.0,True,,4.4,13115.0,3.49,,,3.0,Fresh Step,,"B01DUZZ59W (Fresh Step Drawstring Litter Box Liners Scented, Large Size, 30"" x 17"" - 7 Count)",[],True,True,True,False,Litter Accessories,10702.0,B01DUZZ59W,2026-03-22,0.0,0.0,0.0,0.0,0.0
In Stock,ACTIVE,0.424,655.0,3.49,188.0,443.0,4.0,0.0,True,,4.4,13112.0,3.49,,,3.0,Fresh Step,,"B01DUZZ59W (Fresh Step Drawstring Litter Box Liners Scented, Large Size, 30"" x 17"" - 7 Count)",[],True,True,True,False,Litter Accessories,10951.0,B01DUZZ59W,2026-03-21,0.0,0.0,0.0,0.0,0.0
In Stock,ACTIVE,0.416,688.0,3.48,198.0,476.0,4.0,0.0,True,,4.4,13112.0,3.49,,,3.0,Fresh Step,,"B01DUZZ59W (Fresh Step Drawstring Litter Box Liners Scented, Large Size, 30"" x 17"" - 7 Count)",[],True,True,True,False,Litter Accessories,10549.0,B01DUZZ59W,2026-03-20,0.0,0.0,0.0,0.0,0.0
In Stock,ACTIVE,0.491,777.0,3.47,224.0,456.0,4.0,0.0,True,,4.4,13111.0,3.49,,,3.0,Fresh Step,,"B01DUZZ59W (Fresh Step Drawstring Litter Box Liners Scented, Large Size, 30"" x 17"" - 7 Count)",[],True,True,True,False,Litter Accessories,10721.0,B01DUZZ59W,2026-03-19,0.0,0.0,0.0,0.0,0.0
In Stock,ACTIVE,0.464,826.0,3.49,237.0,511.0,4.0,0.0,True,,4.4,13108.0,3.49,,,3.0,Fresh Step,,"B01DUZZ59W (Fresh Step Drawstring Litter Box Liners Scented, Large Size, 30"" x 17"" - 7 Count)",[],True,True,True,False,Litter Accessories,10976.0,B01DUZZ59W,2026-03-18,0.0,0.0,0.0,0.0,0.0
In Stock,ACTIVE,0.471,697.0,3.49,200.0,425.0,4.0,0.0,True,,4.4,13103.0,3.49,,,3.0,Fresh Step,,"B01DUZZ59W (Fresh Step Drawstring Litter Box Liners Scented, Large Size, 30"" x 17"" - 7 Count)",[],True,True,True,False,Litter Accessories,11202.0,B01DUZZ59W,2026-03-17,0.0,0.0,0.0,0.0,0.0
In Stock,ACTIVE,0.44,783.0,3.48,225.0,511.0,4.0,0.0,True,,4.4,13103.0,3.49,,,3.0,Fresh Step,,"B01DUZZ59W (Fresh Step Drawstring Litter Box Liners Scented, Large Size, 30"" x 17"" - 7 Count)",[],True,True,True,False,Litter Accessories,11608.0,B01DUZZ59W,2026-03-16,0.0,0.0,0.0,0.0,0.0
In Stock,ACTIVE,0.455,921.0,3.47,265.0,583.0,4.0,0.0,True,,4.4,13103.0,3.49,,,3.0,Fresh Step,,"B01DUZZ59W (Fresh Step Drawstring Litter Box Liners Scented, Large Size, 30"" x 17"" - 7 Count)",[],True,True,True,False,Litter Accessories,12064.0,B01DUZZ59W,2026-03-15,0.0,0.0,0.0,0.0,0.0
In Stock,ACTIVE,0.442,841.0,3.49,241.0,545.0,4.0,0.0,True,,4.4,13103.0,3.49,,,3.0,Fresh Step,,"B01DUZZ59W (Fresh Step Drawstring Litter Box Liners Scented, Large Size, 30"" x 17"" - 7 Count)",[],True,True,True,False,Litter Accessories,12014.0,B01DUZZ59W,2026-03-14,0.0,0.0,0.0,0.0,0.0
In Stock,ACTIVE,0.454,756.0,3.48,217.0,478.0,4.0,0.0,True,,4.4,13102.0,3.49,,,3.0,Fresh Step,,"B01DUZZ59W (Fresh Step Drawstring Litter Box Liners Scented, Large Size, 30"" x 17"" - 7 Count)",[],True,True,True,False,Litter Accessories,11803.0,B01DUZZ59W,2026-03-13,0.0,0.0,0.0,0.0,0.0
In Stock,ACTIVE,0.51,831.0,3.49,238.0,467.0,4.0,0.0,True,,4.4,13100.0,3.49,,,3.0,Fresh Step,,"B01DUZZ59W (Fresh Step Drawstring Litter Box Liners Scented, Large Size, 30"" x 17"" - 7 Count)",[],True,True,True,False,Litter Accessories,11615.0,B01DUZZ59W,2026-03-12,0.0,0.0,0.0,0.0,0.0
In Stock,ACTIVE,0.431,757.0,3.49,217.0,503.0,4.0,0.0,True,,4.4,13098.0,3.49,,,3.0,Fresh Step,,"B01DUZZ59W (Fresh Step Drawstring Litter Box Liners Scented, Large Size, 30"" x 17"" - 7 Count)",[],True,True,True,False,Litter Accessories,12103.0,B01DUZZ59W,2026-03-11,0.0,0.0,0.0,0.0,0.0
In Stock,ACTIVE,0.45,668.0,3.48,192.0,427.0,4.0,0.0,True,,4.4,13093.0,3.49,,,3.0,Fresh Step,,"B01DUZZ59W (Fresh Step Drawstring Litter Box Liners Scented, Large Size, 30"" x 17"" - 7 Count)",[],True,True,True,False,Litter Accessories,12720.0,B01DUZZ59W,2026-03-10,0.0,0.0,0.0,0.0,0.0
In Stock,ACTIVE,0.546,907.0,3.49,260.0,476.0,4.0,0.0,True,,4.4,13091.0,3.49,,,3.0,Fresh Step,,"B01DUZZ59W (Fresh Step Drawstring Litter Box Liners Scented, Large Size, 30"" x 17"" - 7 Count)",[],True,True,True,False,Litter Accessories,12119.0,B01DUZZ59W,2026-03-09,0.0,0.0,0.0,0.0,0.0
In Stock,ACTIVE,0.447,794.0,3.48,228.0,510.0,4.0,0.0,True,,4.4,13089.0,3.49,,,3.0,Fresh Step,,"B01DUZZ59W (Fresh Step Drawstring Litter Box Liners Scented, Large Size, 30"" x 17"" - 7 Count)",[],True,True,True,False,Litter Accessories,12175.0,B01DUZZ59W,2026-03-08,0.0,0.0,0.0,0.0,0.0
In Stock,ACTIVE,0.481,792.0,3.47,228.0,474.0,4.0,0.0,True,,4.4,13090.0,3.49,,,3.0,Fresh Step,,"B01DUZZ59W (Fresh Step Drawstring Litter Box Liners Scented, Large Size, 30"" x 17"" - 7 Count)",[],True,True,True,False,Litter Accessories,12425.0,B01DUZZ59W,2026-03-07,0.0,0.0,0.0,0.0,0.0
In Stock,ACTIVE,0.434,741.0,3.48,213.0,491.0,4.0,0.0,True,,4.4,13087.0,3.49,,,3.0,Fresh Step,,"B01DUZZ59W (Fresh Step Drawstring Litter Box Liners Scented, Large Size, 30"" x 17"" - 7 Count)",[],True,True,True,False,Litter Accessories,12295.0,B01DUZZ59W,2026-03-06,0.0,0.0,0.0,0.0,0.0
In Stock,ACTIVE,0.477,682.0,3.48,196.0,411.0,4.0,0.0,True,,4.4,13081.0,3.49,,,3.0,Fresh Step,,"B01DUZZ59W (Fresh Step Drawstring Litter Box Liners Scented, Large Size, 30"" x 17"" - 7 Count)",[],True,True,True,False,Litter Accessories,12111.0,B01DUZZ59W,2026-03-05,0.0,0.0,0.0,0.0,0.0
In Stock,ACTIVE,0.565,889.0,3.45,258.0,457.0,4.0,0.0,True,,4.4,13078.0,3.49,0.0,,3.0,Fresh Step,,"B01DUZZ59W (Fresh Step Drawstring Litter Box Liners Scented, Large Size, 30"" x 17"" - 7 Count)",[],True,True,True,False,Litter Accessories,12221.0,B01DUZZ59W,2026-03-04,0.0,0.0,0.0,1.0,0.0
In Stock,ACTIVE,0.441,728.0,3.48,209.0,474.0,4.0,0.0,True,,4.4,13077.0,3.49,,,3.0,Fresh Step,,"B01DUZZ59W (Fresh Step Drawstring Litter Box Liners Scented, Large Size, 30"" x 17"" - 7 Count)",[],True,True,True,False,Litter Accessories,12371.0,B01DUZZ59W,2026-03-03,0.0,0.0,0.0,0.0,0.0
In Stock,ACTIVE,0.45,791.0,3.49,227.0,504.0,4.0,0.0,True,,4.4,13065.0,3.49,,,3.0,Fresh Step,,"B01DUZZ59W (Fresh Step Drawstring Litter Box Liners Scented, Large Size, 30"" x 17"" - 7 Count)",[],True,True,True,False,Litter Accessories,11804.0,B01DUZZ59W,2026-03-02,0.0,0.0,0.0,0.0,0.0
In Stock,ACTIVE,0.499,1016.0,3.49,291.0,583.0,4.0,0.0,True,,4.4,13063.0,3.49,,,3.0,Fresh Step,,"B01DUZZ59W (Fresh Step Drawstring Litter Box Liners Scented, Large Size, 30"" x 17"" - 7 Count)",[],True,True,True,False,Litter Accessories,11741.0,B01DUZZ59W,2026-03-01,0.0,0.0,0.0,0.0,0.0
In Stock,ACTIVE,0.449,852.0,3.49,244.0,543.0,4.0,0.0,True,,4.4,13055.0,3.49,,,3.0,Fresh Step,,"B01DUZZ59W (Fresh Step Drawstring Litter Box Liners Scented, Large Size, 30"" x 17"" - 7 Count)",[],True,True,True,False,Litter Accessories,11432.0,B01DUZZ59W,2026-02-28,0.0,0.0,0.0,0.0,0.0
In Stock,ACTIVE,0.5429999999999999,895.0,3.48,257.0,473.0,4.0,0.0,True,,4.4,13051.0,3.49,,,3.0,Fresh Step,,"B01DUZZ59W (Fresh Step Drawstring Litter Box Liners Scented, Large Size, 30"" x 17"" - 7 Count)",[],True,True,True,False,Litter Accessories,12040.0,B01DUZZ59W,2026-02-27,0.0,0.0,0.0,0.0,0.0
In Stock,ACTIVE,0.523,883.0,3.49,253.0,484.0,4.0,0.0,True,,4.4,13044.0,3.49,,,3.0,Fresh Step,,"B01DUZZ59W (Fresh Step Drawstring Litter Box Liners Scented, Large Size, 30"" x 17"" - 7 Count)",[],True,True,True,False,Litter Accessories,11699.0,B01DUZZ59W,2026-02-26,0.0,0.0,0.0,0.0,0.0
In Stock,ACTIVE,0.535,886.0,3.49,254.0,475.0,4.0,0.0,True,,4.4,13038.0,3.49,,,3.0,Fresh Step,,"B01DUZZ59W (Fresh Step Drawstring Litter Box Liners Scented, Large Size, 30"" x 17"" - 7 Count)",[],True,True,True,False,Litter Accessories,11705.0,B01DUZZ59W,2026-02-25,0.0,0.0,0.0,0.0,0.0
In Stock,ACTIVE,0.479,728.0,3.48,209.0,436.0,4.0,0.0,True,,4.4,13034.0,3.49,,,3.0,Fresh Step,,"B01DUZZ59W (Fresh Step Drawstring Litter Box Liners Scented, Large Size, 30"" x 17"" - 7 Count)",[],True,True,True,False,Litter Accessories,11138.0,B01DUZZ59W,2026-02-24,0.0,0.0,0.0,0.0,0.0
In Stock,ACTIVE,0.502,782.0,3.49,224.0,446.0,4.0,0.0,True,,4.4,13027.0,3.49,,,3.0,Fresh Step,,"B01DUZZ59W (Fresh Step Drawstring Litter Box Liners Scented, Large Size, 30"" x 17"" - 7 Count)",[],True,True,True,False,Litter Accessories,11029.0,B01DUZZ59W,2026-02-23,0.0,0.0,0.0,0.0,0.0
In Stock,ACTIVE,0.49,915.0,3.49,262.0,535.0,4.0,0.0,True,,4.4,13023.0,3.49,,,3.0,Fresh Step,,"B01DUZZ59W (Fresh Step Drawstring Litter Box Liners Scented, Large Size, 30"" x 17"" - 7 Count)",[],True,True,True,False,Litter Accessories,11120.0,B01DUZZ59W,2026-02-22,0.0,0.0,0.0,0.0,0.0
In Stock,ACTIVE,0.484,834.0,3.48,240.0,496.0,4.0,0.0,True,,4.4,13021.0,3.49,,,3.0,Fresh Step,,"B01DUZZ59W (Fresh Step Drawstring Litter Box Liners Scented, Large Size, 30"" x 17"" - 7 Count)",[],True,True,True,False,Litter Accessories,11121.0,B01DUZZ59W,2026-02-21,0.0,0.0,0.0,0.0,0.0
In Stock,ACTIVE,0.466,768.0,3.47,221.0,474.0,4.0,0.0,True,,4.4,12999.0,3.49,,,3.0,Fresh Step,,"B01DUZZ59W (Fresh Step Drawstring Litter Box Liners Scented, Large Size, 30"" x 17"" - 7 Count)",[],True,True,True,False,Litter Accessories,12201.0,B01DUZZ59W,2026-02-20,0.0,0.0,0.0,0.0,0.0
In Stock,ACTIVE,0.479,813.0,3.49,233.0,486.0,4.0,0.0,True,,4.4,12999.0,3.49,,,3.0,Fresh Step,,"B01DUZZ59W (Fresh Step Drawstring Litter Box Liners Scented, Large Size, 30"" x 17"" - 7 Count)",[],True,True,True,False,Litter Accessories,10838.0,B01DUZZ59W,2026-02-19,0.0,0.0,0.0,0.0,0.0
In Stock,ACTIVE,0.47,778.0,3.49,223.0,474.0,4.0,0.0,True,,4.4,12999.0,3.49,,,3.0,Fresh Step,,"B01DUZZ59W (Fresh Step Drawstring Litter Box Liners Scented, Large Size, 30"" x 17"" - 7 Count)",[],True,True,True,False,Litter Accessories,10872.0,B01DUZZ59W,2026-02-18,0.0,0.0,0.0,0.0,0.0
In Stock,ACTIVE,0.55,794.0,3.5,227.0,413.0,4.0,0.0,True,,4.4,12999.0,3.49,0.0,,3.0,Fresh Step,,"B01DUZZ59W (Fresh Step Drawstring Litter Box Liners Scented, Large Size, 30"" x 17"" - 7 Count)",[],True,True,True,False,Litter Accessories,11001.0,B01DUZZ59W,2026-02-17,0.0,0.0,0.0,3.0,0.0
In Stock,ACTIVE,0.534,865.0,3.49,248.0,464.0,4.0,0.0,True,,4.4,12999.0,3.49,,,3.0,Fresh Step,,"B01DUZZ59W (Fresh Step Drawstring Litter Box Liners Scented, Large Size, 30"" x 17"" - 7 Count)",[],True,True,True,False,Litter Accessories,10818.0,B01DUZZ59W,2026-02-16,0.0,0.0,0.0,0.0,0.0
In Stock,ACTIVE,0.447,778.0,3.47,224.0,501.0,4.0,0.0,True,,4.4,12999.0,3.49,,,3.0,Fresh Step,,"B01DUZZ59W (Fresh Step Drawstring Litter Box Liners Scented, Large Size, 30"" x 17"" - 7 Count)",[],True,True,True,False,Litter Accessories,10647.0,B01DUZZ59W,2026-02-15,0.0,0.0,0.0,0.0,0.0
In Stock,ACTIVE,0.509,767.0,3.49,220.0,432.0,4.0,0.0,True,,4.4,12995.0,3.49,0.0,,3.0,Fresh Step,,"B01DUZZ59W (Fresh Step Drawstring Litter Box Liners Scented, Large Size, 30"" x 17"" - 7 Count)",[],True,True,True,False,Litter Accessories,10559.0,B01DUZZ59W,2026-02-14,0.0,0.0,0.0,1.0,0.0
In Stock,ACTIVE,0.633,861.0,3.49,247.0,390.0,4.0,0.0,True,,4.4,12990.0,3.49,,,3.0,Fresh Step,,"B01DUZZ59W (Fresh Step Drawstring Litter Box Liners Scented, Large Size, 30"" x 17"" - 7 Count)",[],True,True,True,False,Litter Accessories,10675.0,B01DUZZ59W,2026-02-13,0.0,0.0,0.0,0.0,0.0
In Stock,ACTIVE,0.598,820.0,3.49,235.0,393.0,4.0,0.0,True,,4.4,12987.0,3.49,,,3.0,Fresh Step,,"B01DUZZ59W (Fresh Step Drawstring Litter Box Liners Scented, Large Size, 30"" x 17"" - 7 Count)",[],True,True,True,False,Litter Accessories,10961.0,B01DUZZ59W,2026-02-12,0.0,0.0,0.0,0.0,0.0
In Stock,ACTIVE,0.474,708.0,3.49,203.0,428.0,4.0,0.0,True,,4.4,12985.0,3.49,,,3.0,Fresh Step,,"B01DUZZ59W (Fresh Step Drawstring Litter Box Liners Scented, Large Size, 30"" x 17"" - 7 Count)",[],True,True,True,False,Litter Accessories,11837.0,B01DUZZ59W,2026-02-11,0.0,0.0,0.0,0.0,0.0
In Stock,ACTIVE,0.455,591.0,3.47,170.0,374.0,4.0,0.0,True,,4.4,13036.0,3.49,,,3.0,Fresh Step,,"B01DUZZ59W (Fresh Step Drawstring Litter Box Liners Scented, Large Size, 30"" x 17"" - 7 Count)",[],True,True,True,False,Litter Accessories,11835.0,B01DUZZ59W,2026-02-10,0.0,0.0,0.0,0.0,0.0
In Stock,ACTIVE,0.607,888.0,3.48,255.0,420.0,4.0,0.0,True,,4.4,13032.0,3.49,,,3.0,Fresh Step,,"B01DUZZ59W (Fresh Step Drawstring Litter Box Liners Scented, Large Size, 30"" x 17"" - 7 Count)",[],True,True,True,False,Litter Accessories,10559.0,B01DUZZ59W,2026-02-09,0.0,0.0,0.0,0.0,0.0
In Stock,ACTIVE,0.512,739.0,3.49,212.0,414.0,4.0,0.0,True,,4.4,13032.0,3.49,,,3.0,Fresh Step,,"B01DUZZ59W (Fresh Step Drawstring Litter Box Liners Scented, Large Size, 30"" x 17"" - 7 Count)",[],True,True,True,False,Litter Accessories,10593.0,B01DUZZ59W,2026-02-08,0.0,0.0,0.0,0.0,0.0
In Stock,ACTIVE,0.464,755.0,3.56,212.0,457.0,4.0,0.0,True,,4.4,13031.0,3.49,,,3.0,Fresh Step,,"B01DUZZ59W (Fresh Step Drawstring Litter Box Liners Scented, Large Size, 30"" x 17"" - 7 Count)",[],True,True,True,False,Litter Accessories,10467.0,B01DUZZ59W,2026-02-07,0.0,0.0,0.0,0.0,0.0
In Stock,ACTIVE,0.612,827.0,3.49,237.0,387.0,4.0,0.0,True,,4.4,13030.0,3.49,,,3.0,Fresh Step,,"B01DUZZ59W (Fresh Step Drawstring Litter Box Liners Scented, Large Size, 30"" x 17"" - 7 Count)",[],True,True,True,False,Litter Accessories,10574.0,B01DUZZ59W,2026-02-06,0.0,0.0,0.0,0.0,0.0
In Stock,ACTIVE,0.525,745.0,3.48,214.0,408.0,4.0,0.0,True,,4.4,13025.0,3.49,,,3.0,Fresh Step,,"B01DUZZ59W (Fresh Step Drawstring Litter Box Liners Scented, Large Size, 30"" x 17"" - 7 Count)",[],True,True,True,False,Litter Accessories,10291.0,B01DUZZ59W,2026-02-05,0.0,0.0,0.0,0.0,0.0
In Stock,ACTIVE,0.54,879.0,3.49,252.0,467.0,4.0,0.0,True,,4.4,13026.0,3.49,,,3.0,Fresh Step,,"B01DUZZ59W (Fresh Step Drawstring Litter Box Liners Scented, Large Size, 30"" x 17"" - 7 Count)",[],True,True,True,False,Litter Accessories,11022.0,B01DUZZ59W,2026-02-04,0.0,0.0,0.0,0.0,0.0
In Stock,ACTIVE,0.489,684.0,3.49,196.0,401.0,4.0,0.0,True,,4.4,13025.0,3.49,,,3.0,Fresh Step,,"B01DUZZ59W (Fresh Step Drawstring Litter Box Liners Scented, Large Size, 30"" x 17"" - 7 Count)",[],True,True,True,False,Litter Accessories,10360.0,B01DUZZ59W,2026-02-03,0.0,0.0,0.0,0.0,0.0
In Stock,ACTIVE,0.499,725.0,3.44,211.0,423.0,4.0,0.0,True,,4.4,13025.0,3.49,,,3.0,Fresh Step,,"B01DUZZ59W (Fresh Step Drawstring Litter Box Liners Scented, Large Size, 30"" x 17"" - 7 Count)",[],True,True,True,False,Litter Accessories,10363.0,B01DUZZ59W,2026-02-02,0.0,0.0,0.0,0.0,0.0
In Stock,ACTIVE,0.418,697.0,3.38,206.0,493.0,12.0,0.0,True,,4.4,13022.0,3.49,,,3.0,Fresh Step,,"B01DUZZ59W (Fresh Step Drawstring Litter Box Liners Scented, Large Size, 30"" x 17"" - 7 Count)",[],True,True,True,False,Litter Accessories,10103.0,B01DUZZ59W,2026-02-01,0.0,0.0,0.0,0.0,0.0
In Stock,ACTIVE,0.45,736.0,3.44,214.0,476.0,4.0,0.0,True,,4.4,13021.0,3.49,,,3.0,Fresh Step,,"B01DUZZ59W (Fresh Step Drawstring Litter Box Liners Scented, Large Size, 30"" x 17"" - 7 Count)",[],True,True,True,False,Litter Accessories,10188.0,B01DUZZ59W,2026-01-31,0.0,0.0,0.0,0.0,0.0
In Stock,ACTIVE,0.457,674.0,3.4,198.0,433.0,4.0,0.0,True,,4.4,13016.0,3.49,,,3.0,Fresh Step,,"B01DUZZ59W (Fresh Step Drawstring Litter Box Liners Scented, Large Size, 30"" x 17"" - 7 Count)",[],True,True,True,False,Litter Accessories,9178.0,B01DUZZ59W,2026-01-30,0.0,0.0,0.0,0.0,0.0
In Stock,ACTIVE,0.47,752.0,3.39,222.0,472.0,4.0,0.0,True,,4.4,13015.0,3.49,,,3.0,Fresh Step,,"B01DUZZ59W (Fresh Step Drawstring Litter Box Liners Scented, Large Size, 30"" x 17"" - 7 Count)",[],True,True,True,False,Litter Accessories,8539.0,B01DUZZ59W,2026-01-29,0.0,0.0,0.0,0.0,0.0
In Stock,ACTIVE,0.499,754.0,3.47,217.0,435.0,4.0,0.0,True,,4.4,13010.0,3.49,0.0,,3.0,Fresh Step,,"B01DUZZ59W (Fresh Step Drawstring Litter Box Liners Scented, Large Size, 30"" x 17"" - 7 Count)",[],True,True,True,False,Litter Accessories,8347.0,B01DUZZ59W,2026-01-28,0.0,0.0,0.0,1.0,0.0
In Stock,ACTIVE,0.426,583.0,3.49,167.0,392.0,4.0,0.0,True,,4.4,13008.0,3.49,,,3.0,Fresh Step,,"B01DUZZ59W (Fresh Step Drawstring Litter Box Liners Scented, Large Size, 30"" x 17"" - 7 Count)",[],True,True,True,False,Litter Accessories,7217.0,B01DUZZ59W,2026-01-27,0.0,0.0,0.0,0.0,0.0
In Stock,ACTIVE,0.5429999999999999,789.0,3.49,226.0,416.0,4.0,0.0,True,,4.4,13009.0,3.49,,,3.0,Fresh Step,,"B01DUZZ59W (Fresh Step Drawstring Litter Box Liners Scented, Large Size, 30"" x 17"" - 7 Count)",[],True,True,True,False,Litter Accessories,6346.0,B01DUZZ59W,2026-01-26,0.0,0.0,0.0,0.0,0.0
In Stock,ACTIVE,0.501,641.0,3.47,185.0,369.0,4.0,0.0,True,,4.4,13005.0,3.49,,,3.0,Fresh Step,,"B01DUZZ59W (Fresh Step Drawstring Litter Box Liners Scented, Large Size, 30"" x 17"" - 7 Count)",[],True,True,True,False,Litter Accessories,6962.0,B01DUZZ59W,2026-01-25,0.0,0.0,0.0,0.0,0.0
In Stock,ACTIVE,0.394,520.0,3.49,149.0,378.0,4.0,0.0,True,,4.4,13003.0,3.49,,,3.0,Fresh Step,,"B01DUZZ59W (Fresh Step Drawstring Litter Box Liners Scented, Large Size, 30"" x 17"" - 7 Count)",[],True,True,True,False,Litter Accessories,6419.0,B01DUZZ59W,2026-01-24,0.0,0.0,0.0,0.0,0.0
In Stock,ACTIVE,0.337,470.0,3.46,136.0,404.0,4.0,0.0,True,,4.4,12999.0,3.49,0.0,,3.0,Fresh Step,,"B01DUZZ59W (Fresh Step Drawstring Litter Box Liners Scented, Large Size, 30"" x 17"" - 7 Count)",[],True,True,True,False,Litter Accessories,4842.0,B01DUZZ59W,2026-01-23,0.0,0.0,0.0,1.0,0.0
Not Buyable,ACTIVE,0.462,680.0,3.48,195.0,422.0,4.0,0.0,True,,,,3.14,,,3.0,Fresh Step,,"B01DUZZ59W (Fresh Step Drawstring Litter Box Liners Scented, Large Size, 30"" x 17"" - 7 Count)",[],True,True,True,False,Litter Accessories,5026.0,B01DUZZ59W,2026-01-22,,,,,
In Stock,ACTIVE,0.37,583.0,3.49,167.0,451.0,4.0,0.0,True,,4.4,12998.0,3.49,,,3.0,Fresh Step,,"B01DUZZ59W (Fresh Step Drawstring Litter Box Liners Scented, Large Size, 30"" x 17"" - 7 Count)",[],True,True,True,False,Litter Accessories,6085.0,B01DUZZ59W,2026-01-21,0.0,0.0,0.0,0.0,0.0
In Stock,ACTIVE,0.436,475.0,3.49,136.0,312.0,4.0,0.0,True,,4.4,12995.0,3.49,,,3.0,Fresh Step,,"B01DUZZ59W (Fresh Step Drawstring Litter Box Liners Scented, Large Size, 30"" x 17"" - 7 Count)",[],True,True,True,False,Litter Accessories,4746.0,B01DUZZ59W,2026-01-20,0.0,0.0,0.0,0.0,0.0
In Stock,ACTIVE,0.469,655.0,3.48,188.0,401.0,4.0,0.0,True,,4.4,12990.0,3.49,,,3.0,Fresh Step,,"B01DUZZ59W (Fresh Step Drawstring Litter Box Liners Scented, Large Size, 30"" x 17"" - 7 Count)",[],True,True,True,False,Litter Accessories,3526.0,B01DUZZ59W,2026-01-19,0.0,0.0,0.0,0.0,0.0
In Stock,ACTIVE,0.341,558.0,3.49,160.0,469.0,4.0,0.0,True,,4.4,12989.0,3.49,0.0,,3.0,Fresh Step,,"B01DUZZ59W (Fresh Step Drawstring Litter Box Liners Scented, Large Size, 30"" x 17"" - 7 Count)",[],True,True,True,False,Litter Accessories,3437.0,B01DUZZ59W,2026-01-18,0.0,0.0,0.0,1.0,0.0
In Stock,ACTIVE,0.357,517.0,3.52,147.0,412.0,4.0,0.0,True,,4.4,12984.0,3.49,,,3.0,Fresh Step,,"B01DUZZ59W (Fresh Step Drawstring Litter Box Liners Scented, Large Size, 30"" x 17"" - 7 Count)",[],True,True,True,False,Litter Accessories,3460.0,B01DUZZ59W,2026-01-17,0.0,0.0,0.0,0.0,0.0
In Stock,ACTIVE,0.407,524.0,3.49,150.0,369.0,4.0,0.0,True,,4.4,12982.0,3.49,,,3.0,Fresh Step,,"B01DUZZ59W (Fresh Step Drawstring Litter Box Liners Scented, Large Size, 30"" x 17"" - 7 Count)",[],True,True,True,False,Litter Accessories,3368.0,B01DUZZ59W,2026-01-16,0.0,0.0,0.0,0.0,0.0
In Stock,ACTIVE,0.477,699.0,3.48,201.0,421.0,4.0,0.0,True,,4.4,12980.0,3.49,0.0,,3.0,Fresh Step,,"B01DUZZ59W (Fresh Step Drawstring Litter Box Liners Scented, Large Size, 30"" x 17"" - 7 Count)",[],True,True,True,False,Litter Accessories,4078.0,B01DUZZ59W,2026-01-15,0.0,0.0,0.0,1.0,0.0
In Stock,ACTIVE,0.418,590.0,3.49,169.0,404.0,4.0,0.0,True,,4.4,12980.0,3.49,,,3.0,Fresh Step,,"B01DUZZ59W (Fresh Step Drawstring Litter Box Liners Scented, Large Size, 30"" x 17"" - 7 Count)",[],True,True,True,False,Litter Accessories,3060.0,B01DUZZ59W,2026-01-14,0.0,0.0,0.0,0.0,0.0
In Stock,ACTIVE,0.498,717.0,3.48,206.0,414.0,4.0,0.0,True,,4.4,12979.0,3.49,0.0,,3.0,Fresh Step,,"B01DUZZ59W (Fresh Step Drawstring Litter Box Liners Scented, Large Size, 30"" x 17"" - 7 Count)",[],True,True,True,False,Litter Accessories,3236.0,B01DUZZ59W,2026-01-13,0.0,0.0,0.0,1.0,0.0
In Stock,ACTIVE,0.5579999999999999,750.0,3.52,213.0,382.0,4.0,0.0,True,,4.4,12978.0,3.49,,,3.0,Fresh Step,,"B01DUZZ59W (Fresh Step Drawstring Litter Box Liners Scented, Large Size, 30"" x 17"" - 7 Count)",[],True,True,True,False,Litter Accessories,3369.0,B01DUZZ59W,2026-01-12,0.0,0.0,0.0,0.0,0.0
In Stock,ACTIVE,0.452,686.0,3.48,197.0,436.0,4.0,0.0,True,,4.4,12982.0,3.49,,,3.0,Fresh Step,,"B01DUZZ59W (Fresh Step Drawstring Litter Box Liners Scented, Large Size, 30"" x 17"" - 7 Count)",[],True,True,True,False,Litter Accessories,3401.0,B01DUZZ59W,2026-01-11,0.0,0.0,0.0,0.0,0.0
In Stock,ACTIVE,0.412,695.0,3.49,199.0,483.0,4.0,0.0,True,,4.4,12980.0,3.49,,,3.0,Fresh Step,,"B01DUZZ59W (Fresh Step Drawstring Litter Box Liners Scented, Large Size, 30"" x 17"" - 7 Count)",[],True,True,True,False,Litter Accessories,3616.0,B01DUZZ59W,2026-01-10,0.0,0.0,0.0,0.0,0.0
In Stock,ACTIVE,0.434,620.0,3.47,179.0,412.0,4.0,0.0,True,,4.4,12976.0,3.49,0.0,,3.0,Fresh Step,,"B01DUZZ59W (Fresh Step Drawstring Litter Box Liners Scented, Large Size, 30"" x 17"" - 7 Count)",[],True,True,True,False,Litter Accessories,3630.0,B01DUZZ59W,2026-01-09,0.0,0.0,0.0,2.0,0.0
In Stock,ACTIVE,0.444,586.0,3.49,168.0,378.0,5.0,0.0,True,,4.4,12973.0,3.49,,,3.0,Fresh Step,,"B01DUZZ59W (Fresh Step Drawstring Litter Box Liners Scented, Large Size, 30"" x 17"" - 7 Count)",[],True,True,True,False,Litter Accessories,3532.0,B01DUZZ59W,2026-01-08,0.0,0.0,0.0,0.0,0.0
In Stock,ACTIVE,0.61,852.0,3.49,244.0,400.0,5.0,0.0,True,,4.4,12972.0,3.49,,,3.0,Fresh Step,,"B01DUZZ59W (Fresh Step Drawstring Litter Box Liners Scented, Large Size, 30"" x 17"" - 7 Count)",[],True,True,True,False,Litter Accessories,3600.0,B01DUZZ59W,2026-01-07,,,,,
In Stock,ACTIVE,0.449,655.0,3.49,188.0,419.0,5.0,0.0,True,,4.4,12972.0,3.49,,,3.0,Fresh Step,,"B01DUZZ59W (Fresh Step Drawstring Litter Box Liners Scented, Large Size, 30"" x 17"" - 7 Count)",[],True,True,True,False,Litter Accessories,3632.0,B01DUZZ59W,2026-01-06,,,,,
In Stock,ACTIVE,0.528,778.0,3.49,223.0,422.0,5.0,0.0,True,,4.4,12968.0,3.49,0.0,,3.0,Fresh Step,,"B01DUZZ59W (Fresh Step Drawstring Litter Box Liners Scented, Large Size, 30"" x 17"" - 7 Count)",[],True,True,True,False,Litter Accessories,3711.0,B01DUZZ59W,2026-01-05,0.0,0.0,0.0,1.0,0.0
In Stock,ACTIVE,0.351,632.0,3.49,181.0,516.0,5.0,0.0,True,,4.4,12966.0,3.49,,,3.0,Fresh Step,,"B01DUZZ59W (Fresh Step Drawstring Litter Box Liners Scented, Large Size, 30"" x 17"" - 7 Count)",[],True,True,True,False,Litter Accessories,3924.0,B01DUZZ59W,2026-01-04,,,,,
In Stock,ACTIVE,0.462,671.0,3.27,205.0,444.0,5.0,0.0,True,,4.4,12967.0,3.49,0.0,,3.0,Fresh Step,,"B01DUZZ59W (Fresh Step Drawstring Litter Box Liners Scented, Large Size, 30"" x 17"" - 7 Count)",[],True,True,True,False,Litter Accessories,4043.0,B01DUZZ59W,2026-01-03,0.0,0.0,0.0,1.0,0.0
In Stock,ACTIVE,0.495,803.0,3.49,230.0,465.0,5.0,0.0,True,,4.4,12964.0,3.49,,,3.0,Fresh Step,,"B01DUZZ59W (Fresh Step Drawstring Litter Box Liners Scented, Large Size, 30"" x 17"" - 7 Count)",[],True,True,True,False,Litter Accessories,5319.0,B01DUZZ59W,2026-01-02,0.0,0.0,0.0,0.0,0.0
In Stock,ACTIVE,0.453,784.0,3.49,225.0,497.0,5.0,0.0,True,,4.4,12961.0,3.49,,,3.0,Fresh Step,,"B01DUZZ59W (Fresh Step Drawstring Litter Box Liners Scented, Large Size, 30"" x 17"" - 7 Count)",[],True,False,True,False,Litter Accessories,4419.0,B01DUZZ59W,2026-01-01,0.0,0.0,0.0,0.0,0.0
In Stock,ACTIVE,0.417,558.0,3.49,160.0,384.0,5.0,0.0,True,,4.4,12954.0,3.49,,,3.0,Fresh Step,,"B01DUZZ59W (Fresh Step Drawstring Litter Box Liners Scented, Large Size, 30"" x 17"" - 7 Count)",[],True,False,True,False,Litter Accessories,4512.0,B01DUZZ59W,2025-12-31,0.0,0.0,0.0,0.0,0.0
In Stock,ACTIVE,0.423,737.0,3.48,212.0,501.0,5.0,0.0,True,,4.4,12956.0,3.49,,,3.0,Fresh Step,,"B01DUZZ59W (Fresh Step Drawstring Litter Box Liners Scented, Large Size, 30"" x 17"" - 7 Count)",[],True,True,True,False,Litter Accessories,4689.0,B01DUZZ59W,2025-12-30,0.0,0.0,0.0,0.0,0.0
In Stock,ACTIVE,0.48,900.0,3.49,258.0,537.0,5.0,0.0,True,,4.4,12950.0,3.49,,,3.0,Fresh Step,,"B01DUZZ59W (Fresh Step Drawstring Litter Box Liners Scented, Large Size, 30"" x 17"" - 7 Count)",[],True,True,True,False,Litter Accessories,4953.0,B01DUZZ59W,2025-12-29,0.0,0.0,0.0,0.0,0.0
In Stock,ACTIVE,0.352,736.0,3.47,212.0,602.0,5.0,0.0,True,,4.4,12950.0,3.49,0.0,,3.0,Fresh Step,,"B01DUZZ59W (Fresh Step Drawstring Litter Box Liners Scented, Large Size, 30"" x 17"" - 7 Count)",[],True,True,True,False,Litter Accessories,5195.0,B01DUZZ59W,2025-12-28,0.0,0.0,0.0,3.0,0.0
In Stock,ACTIVE,0.348,652.0,3.49,187.0,538.0,5.0,0.0,True,,4.4,12950.0,3.49,,,3.0,Fresh Step,,"B01DUZZ59W (Fresh Step Drawstring Litter Box Liners Scented, Large Size, 30"" x 17"" - 7 Count)",[],True,True,True,False,Litter Accessories,5427.0,B01DUZZ59W,2025-12-27,0.0,0.0,0.0,0.0,0.0
In Stock,ACTIVE,0.398,696.0,3.48,200.0,503.0,5.0,0.0,True,,4.4,12947.0,3.49,,,3.0,Fresh Step,,"B01DUZZ59W (Fresh Step Drawstring Litter Box Liners Scented, Large Size, 30"" x 17"" - 7 Count)",[],True,True,True,False,Litter Accessories,5591.0,B01DUZZ59W,2025-12-26,0.0,0.0,0.0,0.0,0.0
In Stock,ACTIVE,0.455,524.0,3.49,150.0,330.0,5.0,0.0,True,,4.4,12946.0,3.49,,,3.0,Fresh Step,,"B01DUZZ59W (Fresh Step Drawstring Litter Box Liners Scented, Large Size, 30"" x 17"" - 7 Count)",[],True,True,True,False,Litter Accessories,5858.0,B01DUZZ59W,2025-12-25,0.0,0.0,0.0,0.0,0.0
In Stock,ACTIVE,0.493,475.0,3.49,136.0,276.0,5.0,0.0,True,,4.4,12944.0,3.49,,,3.0,Fresh Step,,"B01DUZZ59W (Fresh Step Drawstring Litter Box Liners Scented, Large Size, 30"" x 17"" - 7 Count)",[],True,True,True,False,Litter Accessories,5857.0,B01DUZZ59W,2025-12-24,0.0,0.0,0.0,0.0,0.0
In Stock,ACTIVE,0.509,619.0,3.48,178.0,350.0,5.0,0.0,True,,4.4,12945.0,3.49,0.0,,3.0,Fresh Step,,"B01DUZZ59W (Fresh Step Drawstring Litter Box Liners Scented, Large Size, 30"" x 17"" - 7 Count)",[],True,True,True,False,Litter Accessories,5896.0,B01DUZZ59W,2025-12-23,0.0,0.0,0.0,10.0,0.0
In Stock,ACTIVE,0.521,690.0,3.49,198.0,380.0,5.0,0.0,True,,4.4,12943.0,3.49,0.0,,3.0,Fresh Step,,"B01DUZZ59W (Fresh Step Drawstring Litter Box Liners Scented, Large Size, 30"" x 17"" - 7 Count)",[],True,True,True,False,Litter Accessories,6007.0,B01DUZZ59W,2025-12-22,0.0,0.0,0.0,2.0,0.0
In Stock,ACTIVE,0.551,838.0,3.48,241.0,437.0,5.0,0.0,True,,4.4,12942.0,3.49,0.0,,3.0,Fresh Step,,"B01DUZZ59W (Fresh Step Drawstring Litter Box Liners Scented, Large Size, 30"" x 17"" - 7 Count)",[],True,True,True,False,Litter Accessories,6069.0,B01DUZZ59W,2025-12-21,0.0,0.0,0.0,3.0,0.0
In Stock,ACTIVE,0.403,648.0,3.49,186.0,461.0,5.0,0.0,True,,4.4,12940.0,3.49,0.0,,3.0,Fresh Step,,"B01DUZZ59W (Fresh Step Drawstring Litter Box Liners Scented, Large Size, 30"" x 17"" - 7 Count)",[],True,True,True,False,Litter Accessories,6092.0,B01DUZZ59W,2025-12-20,0.0,0.0,0.0,13.0,0.0
In Stock,ACTIVE,0.586,713.0,3.48,205.0,350.0,5.0,0.0,True,,4.4,12939.0,3.49,0.5,1.0,3.0,Fresh Step,2.0,"B01DUZZ59W (Fresh Step Drawstring Litter Box Liners Scented, Large Size, 30"" x 17"" - 7 Count)",[],True,True,True,False,Litter Accessories,6172.0,B01DUZZ59W,2025-12-19,2.0,5.16,1.0,2.0,1.0
In Stock,ACTIVE,0.514,741.0,3.48,213.0,414.0,5.0,0.0,True,,4.4,12937.0,3.49,0.0,,3.0,Fresh Step,,"B01DUZZ59W (Fresh Step Drawstring Litter Box Liners Scented, Large Size, 30"" x 17"" - 7 Count)",[],True,True,True,False,Litter Accessories,5997.0,B01DUZZ59W,2025-12-18,0.0,0.0,0.0,4.0,0.0
In Stock,ACTIVE,0.472,705.0,3.49,202.0,428.0,5.0,0.0,True,,4.4,12935.0,3.49,0.0,,3.0,Fresh Step,,"B01DUZZ59W (Fresh Step Drawstring Litter Box Liners Scented, Large Size, 30"" x 17"" - 7 Count)",[],True,True,True,False,Litter Accessories,6160.0,B01DUZZ59W,2025-12-17,0.0,0.0,0.0,2.0,0.0
In Stock,ACTIVE,0.491,751.0,3.46,217.0,442.0,5.0,0.0,True,,4.4,12932.0,3.49,,,3.0,Fresh Step,,"B01DUZZ59W (Fresh Step Drawstring Litter Box Liners Scented, Large Size, 30"" x 17"" - 7 Count)",[],True,True,True,False,Litter Accessories,6031.0,B01DUZZ59W,2025-12-16,0.0,0.0,0.0,0.0,0.0
In Stock,ACTIVE,0.422,639.0,3.49,183.0,434.0,5.0,0.0,True,,4.4,12931.0,3.49,0.0,,3.0,Fresh Step,,"B01DUZZ59W (Fresh Step Drawstring Litter Box Liners Scented, Large Size, 30"" x 17"" - 7 Count)",[],True,True,True,False,Litter Accessories,5996.0,B01DUZZ59W,2025-12-15,0.0,0.0,0.0,5.0,0.0
In Stock,ACTIVE,0.453,829.0,3.51,236.0,521.0,5.0,0.0,True,,4.4,12930.0,3.49,,,3.0,Fresh Step,,"B01DUZZ59W (Fresh Step Drawstring Litter Box Liners Scented, Large Size, 30"" x 17"" - 7 Count)",[],True,True,True,False,Litter Accessories,5877.0,B01DUZZ59W,2025-12-14,,,,,
In Stock,ACTIVE,0.462,648.0,3.48,186.0,403.0,5.0,0.0,True,,4.4,12928.0,3.49,,,3.0,Fresh Step,,"B01DUZZ59W (Fresh Step Drawstring Litter Box Liners Scented, Large Size, 30"" x 17"" - 7 Count)",[],True,True,True,False,Litter Accessories,5785.0,B01DUZZ59W,2025-12-13,,,,,
In Stock,ACTIVE,0.423,576.0,3.47,166.0,392.0,5.0,0.0,True,,4.4,12928.0,3.49,,,3.0,Fresh Step,,"B01DUZZ59W (Fresh Step Drawstring Litter Box Liners Scented, Large Size, 30"" x 17"" - 7 Count)",[],True,True,True,False,Litter Accessories,5992.0,B01DUZZ59W,2025-12-12,,,,,
In Stock,ACTIVE,0.43,670.0,3.49,192.0,446.0,5.0,0.0,True,,4.4,12930.0,3.49,,,3.0,Fresh Step,,"B01DUZZ59W (Fresh Step Drawstring Litter Box Liners Scented, Large Size, 30"" x 17"" - 7 Count)",[],True,True,True,False,Litter Accessories,6144.0,B01DUZZ59W,2025-12-11,,,,,
In Stock,ACTIVE,0.463,674.0,3.49,193.0,417.0,5.0,0.0,True,,4.4,12928.0,3.49,,,3.0,Fresh Step,,"B01DUZZ59W (Fresh Step Drawstring Litter Box Liners Scented, Large Size, 30"" x 17"" - 7 Count)",[],True,True,True,False,Litter Accessories,7240.0,B01DUZZ59W,2025-12-10,,,,,
In Stock,ACTIVE,0.467,649.0,3.49,186.0,398.0,5.0,0.0,True,,4.4,12923.0,3.49,,,3.0,Fresh Step,,"B01DUZZ59W (Fresh Step Drawstring Litter Box Liners Scented, Large Size, 30"" x 17"" - 7 Count)",[],True,True,True,False,Litter Accessories,5406.0,B01DUZZ59W,2025-12-09,,,,,
In Stock,ACTIVE,0.388,674.0,3.49,193.0,497.0,5.0,0.0,True,,4.4,12922.0,3.49,0.0,,3.0,Fresh Step,,"B01DUZZ59W (Fresh Step Drawstring Litter Box Liners Scented, Large Size, 30"" x 17"" - 7 Count)",[],True,True,True,False,Litter Accessories,5406.0,B01DUZZ59W,2025-12-08,0.0,0.0,0.0,1.0,0.0
In Stock,ACTIVE,0.397,727.0,3.48,209.0,527.0,5.0,0.0,True,,4.4,12920.0,3.49,,,3.0,Fresh Step,,"B01DUZZ59W (Fresh Step Drawstring Litter Box Liners Scented, Large Size, 30"" x 17"" - 7 Count)",[],True,True,True,False,Litter Accessories,5411.0,B01DUZZ59W,2025-12-07,0.0,0.0,0.0,0.0,0.0
In Stock,ACTIVE,0.475,672.0,3.48,193.0,406.0,5.0,0.0,True,,4.4,12921.0,3.49,,,3.0,Fresh Step,,"B01DUZZ59W (Fresh Step Drawstring Litter Box Liners Scented, Large Size, 30"" x 17"" - 7 Count)",[],True,True,True,False,Litter Accessories,5431.0,B01DUZZ59W,2025-12-06,0.0,0.0,0.0,0.0,0.0
In Stock,ACTIVE,0.389,621.0,3.49,178.0,457.0,5.0,0.0,True,,4.4,12919.0,3.49,0.0,,3.0,Fresh Step,,"B01DUZZ59W (Fresh Step Drawstring Litter Box Liners Scented, Large Size, 30"" x 17"" - 7 Count)",[],True,True,True,False,Litter Accessories,5545.0,B01DUZZ59W,2025-12-05,0.0,0.0,0.0,1.0,0.0
In Stock,ACTIVE,0.519,856.0,3.48,246.0,474.0,5.0,0.0,True,,4.4,12914.0,3.49,,,3.0,Fresh Step,,"B01DUZZ59W (Fresh Step Drawstring Litter Box Liners Scented, Large Size, 30"" x 17"" - 7 Count)",[],True,True,True,False,Litter Accessories,5361.0,B01DUZZ59W,2025-12-04,0.0,0.0,0.0,0.0,0.0
In Stock,ACTIVE,0.381,600.0,3.49,172.0,451.0,5.0,0.0,True,,4.4,12912.0,3.49,,,3.0,Fresh Step,,"B01DUZZ59W (Fresh Step Drawstring Litter Box Liners Scented, Large Size, 30"" x 17"" - 7 Count)",[],True,True,True,False,Litter Accessories,5450.0,B01DUZZ59W,2025-12-03,0.0,0.0,0.0,0.0,0.0
In Stock,ACTIVE,0.476,686.0,3.48,197.0,414.0,5.0,0.0,True,,4.4,12911.0,3.49,,,3.0,Fresh Step,,"B01DUZZ59W (Fresh Step Drawstring Litter Box Liners Scented, Large Size, 30"" x 17"" - 7 Count)",[],True,True,True,False,Litter Accessories,5828.0,B01DUZZ59W,2025-12-02,0.0,0.0,0.0,0.0,0.0
In Stock,ACTIVE,0.693,950.0,3.48,273.0,394.0,5.0,0.0,True,,4.4,12907.0,3.49,0.0,,3.0,Fresh Step,,"B01DUZZ59W (Fresh Step Drawstring Litter Box Liners Scented, Large Size, 30"" x 17"" - 7 Count)",[],True,True,True,False,Litter Accessories,6517.0,B01DUZZ59W,2025-12-01,0.0,0.0,0.0,11.0,0.0
In Stock,ACTIVE,0.494,811.0,3.48,233.0,472.0,5.0,0.0,True,,4.4,12906.0,3.49,,,3.0,Fresh Step,,"B01DUZZ59W (Fresh Step Drawstring Litter Box Liners Scented, Large Size, 30"" x 17"" - 7 Count)",[],True,True,True,False,Litter Accessories,5219.0,B01DUZZ59W,2025-11-30,,,,,
In Stock,ACTIVE,0.436,591.0,3.46,171.0,392.0,5.0,0.0,True,,4.4,12904.0,3.49,,,3.0,Fresh Step,,"B01DUZZ59W (Fresh Step Drawstring Litter Box Liners Scented, Large Size, 30"" x 17"" - 7 Count)",[],True,True,True,False,Litter Accessories,5022.0,B01DUZZ59W,2025-11-29,,,,,
In Stock,ACTIVE,0.599,816.0,3.46,236.0,394.0,5.0,0.0,True,,4.4,12900.0,3.49,,,3.0,Fresh Step,,"B01DUZZ59W (Fresh Step Drawstring Litter Box Liners Scented, Large Size, 30"" x 17"" - 7 Count)",[],True,True,True,False,Litter Accessories,5872.0,B01DUZZ59W,2025-11-28,,,,,
In Stock,ACTIVE,0.589,589.0,3.48,169.0,287.0,5.0,0.0,True,,4.4,12899.0,3.49,,,3.0,Fresh Step,,"B01DUZZ59W (Fresh Step Drawstring Litter Box Liners Scented, Large Size, 30"" x 17"" - 7 Count)",[],True,True,True,False,Litter Accessories,4496.0,B01DUZZ59W,2025-11-27,,,,,
In Stock,ACTIVE,0.536,541.0,3.49,155.0,289.0,5.0,0.0,True,,4.4,12898.0,3.49,,,3.0,Fresh Step,,"B01DUZZ59W (Fresh Step Drawstring Litter Box Liners Scented, Large Size, 30"" x 17"" - 7 Count)",[],True,True,True,False,Litter Accessories,4812.0,B01DUZZ59W,2025-11-26,,,,,
In Stock,ACTIVE,0.509,598.0,3.48,172.0,338.0,5.0,0.0,True,,4.4,12896.0,3.49,,,3.0,Fresh Step,,"B01DUZZ59W (Fresh Step Drawstring Litter Box Liners Scented, Large Size, 30"" x 17"" - 7 Count)",[],True,True,True,False,Litter Accessories,4075.0,B01DUZZ59W,2025-11-25,,,,,
In Stock,ACTIVE,0.62,757.0,3.49,217.0,350.0,5.0,0.0,True,,4.4,12892.0,3.49,,,3.0,Fresh Step,,"B01DUZZ59W (Fresh Step Drawstring Litter Box Liners Scented, Large Size, 30"" x 17"" - 7 Count)",[],True,True,True,False,Litter Accessories,4001.0,B01DUZZ59W,2025-11-24,,,,,
In Stock,ACTIVE,0.461,697.0,3.49,200.0,434.0,5.0,0.0,True,,4.4,12889.0,3.49,,,3.0,Fresh Step,,"B01DUZZ59W (Fresh Step Drawstring Litter Box Liners Scented, Large Size, 30"" x 17"" - 7 Count)",[],True,True,True,False,Litter Accessories,3374.0,B01DUZZ59W,2025-11-23,,,,,
In Stock,ACTIVE,0.489,612.0,3.48,176.0,360.0,5.0,0.0,True,,4.4,12889.0,3.49,,,3.0,Fresh Step,,"B01DUZZ59W (Fresh Step Drawstring Litter Box Liners Scented, Large Size, 30"" x 17"" - 7 Count)",[],True,True,True,False,Litter Accessories,3214.0,B01DUZZ59W,2025-11-22,,,,,
In Stock,ACTIVE,0.612,550.0,3.48,158.0,258.0,5.0,0.0,True,,4.4,12889.0,3.49,,,3.0,Fresh Step,,"B01DUZZ59W (Fresh Step Drawstring Litter Box Liners Scented, Large Size, 30"" x 17"" - 7 Count)",[],True,True,True,False,Litter Accessories,4031.0,B01DUZZ59W,2025-11-21,,,,,
In Stock,ACTIVE,0.489,615.0,3.48,177.0,362.0,5.0,0.0,True,,4.4,12886.0,3.49,,,3.0,Fresh Step,,"B01DUZZ59W (Fresh Step Drawstring Litter Box Liners Scented, Large Size, 30"" x 17"" - 7 Count)",[],True,True,True,False,Litter Accessories,3012.0,B01DUZZ59W,2025-11-20,,,,,
In Stock,ACTIVE,0.458,572.0,3.49,164.0,358.0,5.0,0.0,True,,4.4,12886.0,3.49,,,3.0,Fresh Step,,"B01DUZZ59W (Fresh Step Drawstring Litter Box Liners Scented, Large Size, 30"" x 17"" - 7 Count)",[],True,True,True,False,Litter Accessories,3165.0,B01DUZZ59W,2025-11-19,,,,,
In Stock,ACTIVE,0.462,533.0,3.48,153.0,331.0,5.0,0.0,True,,4.4,12882.0,3.49,,,3.0,Fresh Step,,"B01DUZZ59W (Fresh Step Drawstring Litter Box Liners Scented, Large Size, 30"" x 17"" - 7 Count)",[],True,True,True,False,Litter Accessories,3265.0,B01DUZZ59W,2025-11-18,,,,,
In Stock,ACTIVE,0.436,555.0,3.47,160.0,367.0,5.0,0.0,True,,4.4,12882.0,3.49,,,4.0,Fresh Step,,"B01DUZZ59W (Fresh Step Drawstring Litter Box Liners Scented, Large Size, 30"" x 17"" - 7 Count)",[],True,True,True,False,Litter Accessories,3430.0,B01DUZZ59W,2025-11-17,,,,,
In Stock,ACTIVE,0.464,726.0,3.47,209.0,450.0,5.0,0.0,True,,4.4,12881.0,3.49,,,3.0,Fresh Step,,"B01DUZZ59W (Fresh Step Drawstring Litter Box Liners Scented, Large Size, 30"" x 17"" - 7 Count)",[],True,True,True,False,Litter Accessories,3620.0,B01DUZZ59W,2025-11-16,,,,,
In Stock,ACTIVE,0.479,660.0,3.47,190.0,397.0,5.0,0.0,True,,4.4,12878.0,3.49,,,3.0,Fresh Step,,"B01DUZZ59W (Fresh Step Drawstring Litter Box Liners Scented, Large Size, 30"" x 17"" - 7 Count)",[],True,True,True,False,Litter Accessories,3785.0,B01DUZZ59W,2025-11-15,,,,,
In Stock,ACTIVE,0.384,532.0,3.53,151.0,393.0,5.0,0.0,True,,4.4,12875.0,3.49,,,3.0,Fresh Step,,"B01DUZZ59W (Fresh Step Drawstring Litter Box Liners Scented, Large Size, 30"" x 17"" - 7 Count)",[],True,True,True,False,Litter Accessories,3958.0,B01DUZZ59W,2025-11-14,,,,,
In Stock,ACTIVE,0.456,639.0,3.43,186.0,408.0,5.0,0.0,True,,4.4,12875.0,3.49,,,3.0,Fresh Step,,"B01DUZZ59W (Fresh Step Drawstring Litter Box Liners Scented, Large Size, 30"" x 17"" - 7 Count)",[],True,True,True,True,Litter Accessories,4069.0,B01DUZZ59W,2025-11-13,,,,,
In Stock,ACTIVE,0.483,606.0,3.46,175.0,362.0,5.0,0.0,True,,4.4,12872.0,3.49,,,3.0,Fresh Step,,"B01DUZZ59W (Fresh Step Drawstring Litter Box Liners Scented, Large Size, 30"" x 17"" - 7 Count)",[],True,True,True,True,Litter Accessories,4285.0,B01DUZZ59W,2025-11-12,,,,,
In Stock,ACTIVE,0.308,489.0,3.47,141.0,458.0,5.0,0.0,True,,4.4,12872.0,3.49,,,3.0,Fresh Step,,"B01DUZZ59W (Fresh Step Drawstring Litter Box Liners Scented, Large Size, 30"" x 17"" - 7 Count)",[],True,True,True,True,Litter Accessories,4356.0,B01DUZZ59W,2025-11-11,,,,,
In Stock,ACTIVE,0.401,653.0,3.43,190.0,474.0,5.0,0.0,True,,4.4,12870.0,3.49,,,3.0,Fresh Step,,"B01DUZZ59W (Fresh Step Drawstring Litter Box Liners Scented, Large Size, 30"" x 17"" - 7 Count)",[],True,True,True,True,Litter Accessories,4363.0,B01DUZZ59W,2025-11-10,,,,,
In Stock,ACTIVE,0.368,691.0,3.51,197.0,535.0,5.0,0.0,True,,4.4,12866.0,3.49,,,3.0,Fresh Step,,"B01DUZZ59W (Fresh Step Drawstring Litter Box Liners Scented, Large Size, 30"" x 17"" - 7 Count)",[],True,True,True,True,Litter Accessories,4353.0,B01DUZZ59W,2025-11-09,,,,,
In Stock,ACTIVE,0.314,565.0,3.47,163.0,519.0,5.0,0.0,True,,4.4,12866.0,3.49,,,3.0,Fresh Step,,"B01DUZZ59W (Fresh Step Drawstring Litter Box Liners Scented, Large Size, 30"" x 17"" - 7 Count)",[],True,True,True,True,Litter Accessories,3988.0,B01DUZZ59W,2025-11-08,,,,,
In Stock,ACTIVE,0.431,701.0,3.49,201.0,466.0,5.0,0.0,True,,4.4,12859.0,3.49,,,3.0,Fresh Step,,"B01DUZZ59W (Fresh Step Drawstring Litter Box Liners Scented, Large Size, 30"" x 17"" - 7 Count)",[],True,True,True,False,Litter Accessories,3972.0,B01DUZZ59W,2025-11-07,,,,,
Not Buyable,ACTIVE,0.472,784.0,3.49,225.0,477.0,,,False,,,,,,,3.0,Fresh Step,,"B01DUZZ59W (Fresh Step Drawstring Litter Box Liners Scented, Large Size, 30"" x 17"" - 7 Count)",[],False,False,False,False,Litter Accessories,3652.0,B01DUZZ59W,2025-11-06,,,,,
In Stock,ACTIVE,0.526,708.0,3.49,203.0,386.0,5.0,0.0,True,,4.4,12851.0,3.49,,,3.0,Fresh Step,,"B01DUZZ59W (Fresh Step Drawstring Litter Box Liners Scented, Large Size, 30"" x 17"" - 7 Count)",[],True,True,True,False,Litter Accessories,3575.0,B01DUZZ59W,2025-11-05,,,,,
In Stock,ACTIVE,0.675,726.0,3.49,208.0,308.0,5.0,0.0,True,,4.4,12847.0,3.49,,,3.0,Fresh Step,,"B01DUZZ59W (Fresh Step Drawstring Litter Box Liners Scented, Large Size, 30"" x 17"" - 7 Count)",[],True,True,True,False,Litter Accessories,3529.0,B01DUZZ59W,2025-11-04,,,,,
In Stock,ACTIVE,0.903,817.0,3.49,234.0,259.0,5.0,0.0,True,,4.4,12845.0,3.49,,,3.0,Fresh Step,,"B01DUZZ59W (Fresh Step Drawstring Litter Box Liners Scented, Large Size, 30"" x 17"" - 7 Count)",[],True,True,True,False,Litter Accessories,4397.0,B01DUZZ59W,2025-11-03,,,,,
In Stock,ACTIVE,0.716,925.0,3.49,265.0,370.0,5.0,0.0,True,,4.4,12843.0,3.49,,,3.0,Fresh Step,,"B01DUZZ59W (Fresh Step Drawstring Litter Box Liners Scented, Large Size, 30"" x 17"" - 7 Count)",[],True,True,True,False,Litter Accessories,6062.0,B01DUZZ59W,2025-11-02,,,,,
In Stock,ACTIVE,0.5710000000000001,685.0,3.48,197.0,345.0,5.0,0.0,True,,4.4,12839.0,3.49,,,3.0,Fresh Step,,"B01DUZZ59W (Fresh Step Drawstring Litter Box Liners Scented, Large Size, 30"" x 17"" - 7 Count)",[],True,False,True,False,Litter Accessories,4007.0,B01DUZZ59W,2025-11-01,,,,,
In Stock,ACTIVE,0.64,503.0,3.49,144.0,225.0,5.0,0.0,True,,4.4,12835.0,3.49,,,3.0,Fresh Step,,"B01DUZZ59W (Fresh Step Drawstring Litter Box Liners Scented, Large Size, 30"" x 17"" - 7 Count)",[],True,True,True,False,Litter Accessories,4072.0,B01DUZZ59W,2025-10-31,,,,,
In Stock,ACTIVE,0.7090000000000001,621.0,3.49,178.0,251.0,5.0,0.0,True,,4.4,12833.0,3.49,,,3.0,Fresh Step,,"B01DUZZ59W (Fresh Step Drawstring Litter Box Liners Scented, Large Size, 30"" x 17"" - 7 Count)",[],True,True,True,False,Litter Accessories,4161.0,B01DUZZ59W,2025-10-30,,,,,
In Stock,ACTIVE,0.725,562.0,3.49,161.0,222.0,5.0,0.0,True,,4.4,12831.0,3.49,,,3.0,Fresh Step,,"B01DUZZ59W (Fresh Step Drawstring Litter Box Liners Scented, Large Size, 30"" x 17"" - 7 Count)",[],True,True,True,False,Litter Accessories,4185.0,B01DUZZ59W,2025-10-29,,,,,
In Stock,ACTIVE,0.523,475.0,3.49,136.0,260.0,5.0,0.0,True,,4.4,12829.0,3.49,,,3.0,Fresh Step,,"B01DUZZ59W (Fresh Step Drawstring Litter Box Liners Scented, Large Size, 30"" x 17"" - 7 Count)",[],True,True,True,False,Litter Accessories,4277.0,B01DUZZ59W,2025-10-28,,,,,
In Stock,ACTIVE,0.488,555.0,3.49,159.0,326.0,5.0,0.0,True,,4.4,12824.0,3.49,,,3.0,Fresh Step,,"B01DUZZ59W (Fresh Step Drawstring Litter Box Liners Scented, Large Size, 30"" x 17"" - 7 Count)",[],True,True,True,False,Litter Accessories,4264.0,B01DUZZ59W,2025-10-27,,,,,
In Stock,ACTIVE,0.635,680.0,3.4,200.0,315.0,5.0,0.0,True,,4.4,12823.0,3.49,,,3.0,Fresh Step,,"B01DUZZ59W (Fresh Step Drawstring Litter Box Liners Scented, Large Size, 30"" x 17"" - 7 Count)",[],True,True,True,False,Litter Accessories,4128.0,B01DUZZ59W,2025-10-26,,,,,
